0, 0, 0.137956194771754
0, 1, 0.137956194771754
0, 2, 0.137956194771754
0, 3, 0.137956194771754
0, 4, 0.137956194771754
0, 5, 0.137956194771754
0, 6, 0.137956194771754
0, 7, 0.137956194771754
0, 8, 0.137956194771754
0, 9, 0.137956194771754
0, 10, 0.137956194771754
0, 11, 0.137956194771754
0, 12, 0.137956194771754
0, 13, 0.137956194771754
0, 14, 0.137956194771754
0, 15, 0.137956194771754
0, 16, 0.137956194771754
0, 17, 0.137956194771754
0, 18, 0.137956194771754
0, 19, 0.137956194771754
0, 20, 0.137956194771754
0, 21, 0.137956194771754
0, 22, 0.137956194771754
0, 23, 0.137956194771754
0, 24, 0.137956194771754
0, 25, 0.137956194771754
0, 26, 0.137956194771754
0, 27, 0.137956194771754
0, 28, 0.137956194771754
0, 29, 0.137956194771754
0, 30, 0.137956194771754
0, 31, 0.137956194771754
0, 32, 0.137956194771754
0, 33, 0.137956194771754
0, 34, 0.137956194771754
0, 35, 0.137956194771754
0, 36, 0.137956194771754
0, 37, 0.137956194771754
0, 38, 0.137956194771754
0, 39, 0.137956194771754
0, 40, 0.137956194771754
0, 41, 0.137956194771754
0, 42, 0.137956194771754
0, 43, 0.137956194771754
0, 44, 0.137956194771754
0, 45, 0.137956194771754
0, 46, 0.137956194771754
0, 47, 0.137956194771754
0, 48, 0.137956194771754
0, 49, 0.137956194771754
0, 50, 0.137956194771754
0, 51, 0.137956194771754
0, 52, 0.137956194771754
0, 53, 0.137956194771754
0, 54, 0.137956194771754
0, 55, 0.137956194771754
0, 56, 0.137956194771754
0, 57, 0.137956194771754
0, 58, 0.137956194771754
0, 59, 0.137956194771754
0, 60, 0.137956194771754
0, 61, 0.137956194771754
0, 62, 0.137956194771754
0, 63, 0.137956194771754
0, 64, 0.137956194771754
0, 65, 0.137956194771754
0, 66, 0.137956194771754
0, 67, 0.137956194771754
0, 68, 0.137956194771754
0, 69, 0.137956194771754
0, 70, 0.137956194771754
0, 71, 0.137956194771754
0, 72, 0.137956194771754
0, 73, 0.137956194771754
0, 74, 0.137956194771754
0, 75, 0.137956194771754
0, 76, 0.137956194771754
0, 77, 0.137956194771754
0, 78, 0.137956194771754
0, 79, 0.137956194771754
0, 80, 0.137956194771754
0, 81, 0.137956194771754
0, 82, 0.137956194771754
0, 83, 0.137956194771754
0, 84, 0.137956194771754
0, 85, 0.137956194771754
0, 86, 0.137956194771754
0, 87, 0.137956194771754
0, 88, 0.137956194771754
0, 89, 0.137956194771754
0, 90, 0.137956194771754
0, 91, 0.137956194771754
0, 92, 0.137956194771754
0, 93, 0.137956194771754
0, 94, 0.137956194771754
0, 95, 0.137956194771754
0, 96, 0.137956194771754
0, 97, 0.137956194771754
0, 98, 0.137956194771754
0, 99, 0.137956194771754
0, 100, 0.137956194771754
0, 101, 0.137956194771754
0, 102, 0.137956194771754
0, 103, 0.137956194771754
0, 104, 0.137956194771754
0, 105, 0.137956194771754
0, 106, 0.137956194771754
0, 107, 0.137956194771754
0, 108, 0.137956194771754
0, 109, 0.137956194771754
0, 110, 0.137956194771754
0, 111, 0.137956194771754
0, 112, 0.137956194771754
0, 113, 0.137956194771754
0, 114, 0.137956194771754
0, 115, 0.137956194771754
0, 116, 0.137956194771754
0, 117, 0.137956194771754
0, 118, 0.137956194771754
0, 119, 0.137956194771754
0, 120, 0.137956194771754
0, 121, 0.137956194771754
0, 122, 0.137956194771754
0, 123, 0.137956194771754
0, 124, 0.137956194771754
0, 125, 0.137956194771754
0, 126, 0.137956194771754
0, 127, 0.137956194771754
0, 128, 0.137956194771754
0, 129, 0.137956194771754
0, 130, 0.137956194771754
0, 131, 0.137956194771754
0, 132, 0.137956194771754
0, 133, 0.137956194771754
0, 134, 0.137956194771754
0, 135, 0.137956194771754
0, 136, 0.137956194771754
0, 137, 0.137956194771754
0, 138, 0.137956194771754
0, 139, 0.137956194771754
0, 140, 0.137956194771754
0, 141, 0.137956194771754
0, 142, 0.137956194771754
0, 143, 0.137956194771754
0, 144, 0.137956194771754
0, 145, 0.137956194771754
0, 146, 0.137956194771754
0, 147, 0.137956194771754
0, 148, 0.137956194771754
0, 149, 0.137956194771754
0, 150, 0.137956194771754
0, 151, 0.137956194771754
0, 152, 0.137956194771754
0, 153, 0.137956194771754
0, 154, 0.137956194771754
0, 155, 0.137956194771754
0, 156, 0.137956194771754
0, 157, 0.137956194771754
0, 158, 0.137956194771754
0, 159, 0.137956194771754
0, 160, 0.137956194771754
0, 161, 0.137956194771754
0, 162, 0.137956194771754
0, 163, 0.137956194771754
0, 164, 0.137956194771754
0, 165, 0.137956194771754
0, 166, 0.137956194771754
0, 167, 0.137956194771754
0, 168, 0.137956194771754
0, 169, 0.137956194771754
0, 170, 0.137956194771754
0, 171, 0.137956194771754
0, 172, 0.137956194771754
0, 173, 0.137956194771754
0, 174, 0.137956194771754
0, 175, 0.137956194771754
0, 176, 0.137956194771754
0, 177, 0.137956194771754
0, 178, 0.137956194771754
0, 179, 0.137956194771754
0, 180, 0.137956194771754
0, 181, 0.137956194771754
0, 182, 0.137956194771754
0, 183, 0.137956194771754
0, 184, 0.137956194771754
0, 185, 0.137956194771754
0, 186, 0.137956194771754
0, 187, 0.137956194771754
0, 188, 0.137956194771754
0, 189, 0.137956194771754
0, 190, 0.137956194771754
0, 191, 0.137956194771754
0, 192, 0.137956194771754
0, 193, 0.137956194771754
0, 194, 0.137956194771754
0, 195, 0.137956194771754
0, 196, 0.137956194771754
0, 197, 0.137956194771754
0, 198, 0.137956194771754
0, 199, 0.137956194771754
0, 200, 0.137956194771754
0, 201, 0.137956194771754
0, 202, 0.137956194771754
0, 203, 0.137956194771754
0, 204, 0.137956194771754
0, 205, 0.137956194771754
0, 206, 0.137956194771754
0, 207, 0.137956194771754
0, 208, 0.137956194771754
0, 209, 0.137956194771754
0, 210, 0.137956194771754
0, 211, 0.137956194771754
0, 212, 0.137956194771754
0, 213, 0.137956194771754
0, 214, 0.137956194771754
0, 215, 0.137956194771754
0, 216, 0.137956194771754
0, 217, 0.137956194771754
0, 218, 0.137956194771754
0, 219, 0.137956194771754
0, 220, 0.137956194771754
0, 221, 0.137956194771754
0, 222, 0.137956194771754
0, 223, 0.137956194771754
0, 224, 0.137956194771754
0, 225, 0.137956194771754
0, 226, 0.137956194771754
0, 227, 0.137956194771754
0, 228, 0.137956194771754
0, 229, 0.137956194771754
0, 230, 0.137956194771754
0, 231, 0.137956194771754
0, 232, 0.137956194771754
0, 233, 0.137956194771754
0, 234, 0.137956194771754
0, 235, 0.137956194771754
0, 236, 0.137956194771754
0, 237, 0.137956194771754
0, 238, 0.137956194771754
0, 239, 0.137956194771754
0, 240, 0.137956194771754
0, 241, 0.137956194771754
0, 242, 0.137956194771754
0, 243, 0.137956194771754
0, 244, 0.137956194771754
0, 245, 0.137956194771754
0, 246, 0.137956194771754
0, 247, 0.137956194771754
0, 248, 0.137956194771754
0, 249, 0.137956194771754
0, 250, 0.137956194771754
0, 251, 0.137956194771754
0, 252, 0.137956194771754
0, 253, 0.137956194771754
0, 254, 0.137956194771754
0, 255, 0.137956194771754
0, 256, 0.137956194771754
0, 257, 0.137956194771754
0, 258, 0.137956194771754
0, 259, 0.137956194771754
0, 260, 0.137956194771754
0, 261, 0.137956194771754
0, 262, 0.137956194771754
0, 263, 0.137956194771754
0, 264, 0.137956194771754
0, 265, 0.137956194771754
0, 266, 0.137956194771754
0, 267, 0.137956194771754
0, 268, 0.137956194771754
0, 269, 0.137956194771754
0, 270, 0.137956194771754
0, 271, 0.137956194771754
0, 272, 0.137956194771754
0, 273, 0.137956194771754
0, 274, 0.137956194771754
0, 275, 0.137956194771754
0, 276, 0.137956194771754
0, 277, 0.137956194771754
0, 278, 0.137956194771754
0, 279, 0.137956194771754
0, 280, 0.137956194771754
0, 281, 0.137956194771754
0, 282, 0.137956194771754
0, 283, 0.137956194771754
0, 284, 0.137956194771754
0, 285, 0.137956194771754
0, 286, 0.137956194771754
0, 287, 0.137956194771754
0, 288, 0.137956194771754
0, 289, 0.137956194771754
0, 290, 0.137956194771754
0, 291, 0.137956194771754
0, 292, 0.137956194771754
0, 293, 0.137956194771754
0, 294, 0.137956194771754
0, 295, 0.137956194771754
0, 296, 0.137956194771754
0, 297, 0.137956194771754
0, 298, 0.137956194771754
0, 299, 0.137956194771754
0, 300, 0.137956194771754
0, 301, 0.137956194771754
0, 302, 0.137956194771754
0, 303, 0.137956194771754
0, 304, 0.137956194771754
0, 305, 0.137956194771754
0, 306, 0.137956194771754
0, 307, 0.137956194771754
0, 308, 0.137956194771754
0, 309, 0.137956194771754
0, 310, 0.137956194771754
0, 311, 0.137956194771754
0, 312, 0.137956194771754
0, 313, 0.137956194771754
0, 314, 0.137956194771754
0, 315, 0.137956194771754
0, 316, 0.137956194771754
0, 317, 0.137956194771754
0, 318, 0.137956194771754
0, 319, 0.137956194771754
0, 320, 0.137956194771754
0, 321, 0.137956194771754
0, 322, 0.137956194771754
0, 323, 0.137956194771754
0, 324, 0.137956194771754
0, 325, 0.137956194771754
0, 326, 0.137956194771754
0, 327, 0.137956194771754
0, 328, 0.137956194771754
0, 329, 0.137956194771754
0, 330, 0.137956194771754
0, 331, 0.137956194771754
0, 332, 0.137956194771754
0, 333, 0.137956194771754
0, 334, 0.137956194771754
0, 335, 0.137956194771754
0, 336, 0.137956194771754
0, 337, 0.137956194771754
0, 338, 0.137956194771754
0, 339, 0.137956194771754
0, 340, 0.137956194771754
0, 341, 0.137956194771754
0, 342, 0.137956194771754
0, 343, 0.137956194771754
0, 344, 0.137956194771754
0, 345, 0.137956194771754
0, 346, 0.137956194771754
0, 347, 0.137956194771754
0, 348, 0.137956194771754
0, 349, 0.137956194771754
0, 350, 0.137956194771754
0, 351, 0.137956194771754
0, 352, 0.137956194771754
0, 353, 0.137956194771754
0, 354, 0.137956194771754
0, 355, 0.137956194771754
0, 356, 0.137956194771754
0, 357, 0.137956194771754
0, 358, 0.137956194771754
0, 359, 0.137956194771754
0, 360, 0.137956194771754
1, 0, 0.13794666308164
1, 1, 0.137818809323851
1, 2, 0.13769101229482
1, 3, 0.137563310979353
1, 4, 0.137435744316545
1, 5, 0.137308351187737
1, 6, 0.13718117040453
1, 7, 0.13705424069683
1, 8, 0.136927600700948
1, 9, 0.136801288947744
1, 10, 0.136675343850831
1, 11, 0.136549803694838
1, 12, 0.136424706623737
1, 13, 0.136300090629227
1, 14, 0.136175993539211
1, 15, 0.136052453006323
1, 16, 0.135929506496548
1, 17, 0.135807191277921
1, 18, 0.135685544409312
1, 19, 0.135564602729292
1, 20, 0.135444402845109
1, 21, 0.13532498112174
1, 22, 0.135206373671056
1, 23, 0.135088616341083
1, 24, 0.134971744705369
1, 25, 0.134855794052461
1, 26, 0.134740799375495
1, 27, 0.134626795361894
1, 28, 0.134513816383188
1, 29, 0.134401896484954
1, 30, 0.134291069376876
1, 31, 0.134181368422933
1, 32, 0.134072826631711
1, 33, 0.133965476646846
1, 34, 0.133859350737598
1, 35, 0.133754480789569
1, 36, 0.13365089829554
1, 37, 0.133548634346458
1, 38, 0.133447719622567
1, 39, 0.133348184384669
1, 40, 0.13325005846554
1, 41, 0.133153371261487
1, 42, 0.133058151724053
1, 43, 0.132964428351873
1, 44, 0.132872229182677
1, 45, 0.132781581785451
1, 46, 0.132692513252742
1, 47, 0.132605050193133
1, 48, 0.132519218723847
1, 49, 0.132435044463546
1, 50, 0.132352552525252
1, 51, 0.132271767509447
1, 52, 0.132192713497327
1, 53, 0.132115414044217
1, 54, 0.132039892173151
1, 55, 0.131966170368609
1, 56, 0.131894270570414
1, 57, 0.131824214167809
1, 58, 0.131756021993678
1, 59, 0.131689714318942
1, 60, 0.131625310847121
1, 61, 0.131562830709052
1, 62, 0.131502292457794
1, 63, 0.131443714063667
1, 64, 0.131387112909489
1, 65, 0.131332505785963
1, 66, 0.131279908887228
1, 67, 0.131229337806592
1, 68, 0.131180807532422
1, 69, 0.131134332444196
1, 70, 0.131089926308741
1, 71, 0.131047602276618
1, 72, 0.131007372878693
1, 73, 0.130969250022858
1, 74, 0.130933244990936
1, 75, 0.130899368435746
1, 76, 0.130867630378332
1, 77, 0.130838040205371
1, 78, 0.130810606666737
1, 79, 0.130785337873243
1, 80, 0.130762241294544
1, 81, 0.130741323757207
1, 82, 0.130722591442957
1, 83, 0.130706049887083
1, 84, 0.13069170397701
1, 85, 0.130679557951052
1, 86, 0.130669615397312
1, 87, 0.13066187925277
1, 88, 0.130656351802525
1, 89, 0.130653034679207
1, 90, 0.130651928862565
1, 91, 0.130653034679207
1, 92, 0.130656351802525
1, 93, 0.13066187925277
1, 94, 0.130669615397311
1, 95, 0.130679557951052
1, 96, 0.13069170397701
1, 97, 0.130706049887082
1, 98, 0.130722591442957
1, 99, 0.130741323757207
1, 100, 0.130762241294544
1, 101, 0.130785337873243
1, 102, 0.130810606666738
1, 103, 0.130838040205371
1, 104, 0.130867630378332
1, 105, 0.130899368435745
1, 106, 0.130933244990936
1, 107, 0.130969250022858
1, 108, 0.131007372878693
1, 109, 0.131047602276618
1, 110, 0.131089926308741
1, 111, 0.131134332444195
1, 112, 0.131180807532422
1, 113, 0.131229337806592
1, 114, 0.131279908887229
1, 115, 0.131332505785963
1, 116, 0.131387112909489
1, 117, 0.131443714063666
1, 118, 0.131502292457794
1, 119, 0.131562830709052
1, 120, 0.13162531084712
1, 121, 0.131689714318942
1, 122, 0.131756021993679
1, 123, 0.131824214167809
1, 124, 0.131894270570414
1, 125, 0.131966170368609
1, 126, 0.132039892173151
1, 127, 0.132115414044217
1, 128, 0.132192713497327
1, 129, 0.132271767509447
1, 130, 0.132352552525252
1, 131, 0.132435044463547
1, 132, 0.132519218723847
1, 133, 0.132605050193132
1, 134, 0.132692513252743
1, 135, 0.132781581785451
1, 136, 0.132872229182677
1, 137, 0.132964428351872
1, 138, 0.133058151724053
1, 139, 0.133153371261487
1, 140, 0.13325005846554
1, 141, 0.133348184384669
1, 142, 0.133447719622568
1, 143, 0.133548634346458
1, 144, 0.13365089829554
1, 145, 0.133754480789569
1, 146, 0.133859350737599
1, 147, 0.133965476646846
1, 148, 0.13407282663171
1, 149, 0.134181368422933
1, 150, 0.134291069376876
1, 151, 0.134401896484954
1, 152, 0.134513816383188
1, 153, 0.134626795361894
1, 154, 0.134740799375495
1, 155, 0.134855794052461
1, 156, 0.134971744705369
1, 157, 0.135088616341083
1, 158, 0.135206373671056
1, 159, 0.135324981121741
1, 160, 0.135444402845109
1, 161, 0.135564602729292
1, 162, 0.135685544409312
1, 163, 0.135807191277922
1, 164, 0.135929506496548
1, 165, 0.136052453006323
1, 166, 0.136175993539211
1, 167, 0.136300090629227
1, 168, 0.136424706623736
1, 169, 0.136549803694838
1, 170, 0.136675343850832
1, 171, 0.136801288947744
1, 172, 0.136927600700948
1, 173, 0.13705424069683
1, 174, 0.137181170404529
1, 175, 0.137308351187737
1, 176, 0.137435744316545
1, 177, 0.137563310979353
1, 178, 0.137691012294819
1, 179, 0.137818809323851
1, 180, 0.13794666308164
1, 181, 0.138074534549729
1, 182, 0.138202384688111
1, 183, 0.13833017444735
1, 184, 0.138457864780733
1, 185, 0.138585416656423
1, 186, 0.138712791069646
1, 187, 0.13883994905487
1, 188, 0.138966851697994
1, 189, 0.139093460148541
1, 190, 0.139219735631841
1, 191, 0.139345639461203
1, 192, 0.139471133050085
1, 193, 0.13959617792423
1, 194, 0.139720735733792
1, 195, 0.139844768265434
1, 196, 0.139968237454385
1, 197, 0.140091105396473
1, 198, 0.140213334360111
1, 199, 0.140334886798243
1, 200, 0.140455725360232
1, 201, 0.140575812903712
1, 202, 0.140695112506359
1, 203, 0.140813587477618
1, 204, 0.140931201370364
1, 205, 0.141047917992473
1, 206, 0.141163701418346
1, 207, 0.141278516000327
1, 208, 0.14139232638006
1, 209, 0.141505097499744
1, 210, 0.141616794613299
1, 211, 0.141727383297448
1, 212, 0.141836829462682
1, 213, 0.141945099364136
1, 214, 0.142052159612349
1, 215, 0.142157977183916
1, 216, 0.142262519432028
1, 217, 0.142365754096888
1, 218, 0.142467649316007
1, 219, 0.142568173634378
1, 220, 0.142667296014515
1, 221, 0.142764985846355
1, 222, 0.142861212957044
1, 223, 0.142955947620556
1, 224, 0.143049160567187
1, 225, 0.1431408229929
1, 226, 0.143230906568515
1, 227, 0.143319383448755
1, 228, 0.143406226281126
1, 229, 0.143491408214649
1, 230, 0.143574902908424
1, 231, 0.143656684540032
1, 232, 0.14373672781377
1, 233, 0.143815007968719
1, 234, 0.143891500786633
1, 235, 0.143966182599664
1, 236, 0.144039030297895
1, 237, 0.144110021336713
1, 238, 0.144179133743978
1, 239, 0.14424634612703
1, 240, 0.144311637679492
1, 241, 0.14437498818789
1, 242, 0.144436378038095
1, 243, 0.14449578822155
1, 244, 0.144553200341323
1, 245, 0.144608596617947
1, 246, 0.144661959895086
1, 247, 0.144713273644967
1, 248, 0.144762521973647
1, 249, 0.144809689626049
1, 250, 0.144854761990816
1, 251, 0.144897725104937
1, 252, 0.144938565658189
1, 253, 0.144977270997354
1, 254, 0.145013829130234
1, 255, 0.145048228729454
1, 256, 0.145080459136053
1, 257, 0.145110510362866
1, 258, 0.145138373097681
1, 259, 0.1451640387062
1, 260, 0.14518749923477
1, 261, 0.145208747412898
1, 262, 0.145227776655562
1, 263, 0.14524458106529
1, 264, 0.145259155434032
1, 265, 0.145271495244801
1, 266, 0.145281596673116
1, 267, 0.145289456588199
1, 268, 0.145295072553973
1, 269, 0.145298442829834
1, 270, 0.145299566371198
1, 271, 0.145298442829834
1, 272, 0.145295072553973
1, 273, 0.145289456588198
1, 274, 0.145281596673116
1, 275, 0.145271495244802
1, 276, 0.145259155434031
1, 277, 0.145244581065291
1, 278, 0.145227776655562
1, 279, 0.145208747412898
1, 280, 0.14518749923477
1, 281, 0.1451640387062
1, 282, 0.145138373097681
1, 283, 0.145110510362866
1, 284, 0.145080459136054
1, 285, 0.145048228729454
1, 286, 0.145013829130234
1, 287, 0.144977270997354
1, 288, 0.144938565658189
1, 289, 0.144897725104937
1, 290, 0.144854761990816
1, 291, 0.144809689626049
1, 292, 0.144762521973647
1, 293, 0.144713273644967
1, 294, 0.144661959895086
1, 295, 0.144608596617948
1, 296, 0.144553200341322
1, 297, 0.144495788221549
1, 298, 0.144436378038094
1, 299, 0.14437498818789
1, 300, 0.144311637679491
1, 301, 0.14424634612703
1, 302, 0.144179133743979
1, 303, 0.144110021336713
1, 304, 0.144039030297895
1, 305, 0.143966182599664
1, 306, 0.143891500786633
1, 307, 0.143815007968718
1, 308, 0.14373672781377
1, 309, 0.143656684540032
1, 310, 0.143574902908424
1, 311, 0.143491408214649
1, 312, 0.143406226281127
1, 313, 0.143319383448755
1, 314, 0.143230906568515
1, 315, 0.143140822992899
1, 316, 0.143049160567187
1, 317, 0.142955947620556
1, 318, 0.142861212957044
1, 319, 0.142764985846356
1, 320, 0.142667296014514
1, 321, 0.142568173634379
1, 322, 0.142467649316007
1, 323, 0.142365754096888
1, 324, 0.142262519432028
1, 325, 0.142157977183916
1, 326, 0.142052159612349
1, 327, 0.141945099364136
1, 328, 0.141836829462682
1, 329, 0.141727383297448
1, 330, 0.141616794613299
1, 331, 0.141505097499743
1, 332, 0.14139232638006
1, 333, 0.141278516000328
1, 334, 0.141163701418346
1, 335, 0.141047917992474
1, 336, 0.140931201370363
1, 337, 0.140813587477618
1, 338, 0.140695112506358
1, 339, 0.140575812903713
1, 340, 0.140455725360233
1, 341, 0.140334886798243
1, 342, 0.140213334360112
1, 343, 0.140091105396473
1, 344, 0.139968237454385
1, 345, 0.139844768265434
1, 346, 0.139720735733792
1, 347, 0.13959617792423
1, 348, 0.139471133050085
1, 349, 0.139345639461203
1, 350, 0.139219735631841
1, 351, 0.139093460148541
1, 352, 0.138966851697994
1, 353, 0.13883994905487
1, 354, 0.138712791069646
1, 355, 0.138585416656424
1, 356, 0.138457864780733
1, 357, 0.138330174447351
1, 358, 0.138202384688111
1, 359, 0.138074534549728
1, 360, 0.13794666308164
2, 0, 0.137918044969354
2, 1, 0.13766240872977
2, 2, 0.137406921745489
2, 3, 0.137151662389859
2, 4, 0.13689670889925
2, 5, 0.136642139347653
2, 6, 0.136388031621411
2, 7, 0.136134463394116
2, 8, 0.135881512101653
2, 9, 0.135629254917438
2, 10, 0.135377768727831
2, 11, 0.13512713010775
2, 12, 0.134877415296503
2, 13, 0.134628700173829
2, 14, 0.134381060236183
2, 15, 0.13413457057325
2, 16, 0.133889305844727
2, 17, 0.133645340257346
2, 18, 0.133402747542193
2, 19, 0.133161600932281
2, 20, 0.13292197314043
2, 21, 0.132683936337442
2, 22, 0.132447562130566
2, 23, 0.132212921542297
2, 24, 0.131980084989478
2, 25, 0.131749122262737
2, 26, 0.13152010250625
2, 27, 0.131293094197848
2, 28, 0.131068165129472
2, 29, 0.130845382387962
2, 30, 0.130624812336215
2, 31, 0.130406520594696
2, 32, 0.13019057202331
2, 33, 0.129977030703639
2, 34, 0.12976595992155
2, 35, 0.129557422150173
2, 36, 0.129351479033252
2, 37, 0.129148191368869
2, 38, 0.128947619093548
2, 39, 0.128749821266737
2, 40, 0.128554856055662
2, 41, 0.128362780720559
2, 42, 0.128173651600298
2, 43, 0.127987524098363
2, 44, 0.127804452669224
2, 45, 0.127624490805075
2, 46, 0.127447691022953
2, 47, 0.127274104852216
2, 48, 0.127103782822413
2, 49, 0.126936774451485
2, 50, 0.126773128234366
2, 51, 0.126612891631919
2, 52, 0.126456111060242
2, 53, 0.126302831880322
2, 54, 0.126153098388036
2, 55, 0.126006953804506
2, 56, 0.125864440266783
2, 57, 0.12572559881888
2, 58, 0.125590469403122
2, 59, 0.125459090851838
2, 60, 0.12533150087937
2, 61, 0.125207736074386
2, 62, 0.125087831892529
2, 63, 0.12497182264935
2, 64, 0.124859741513559
2, 65, 0.12475162050056
2, 66, 0.124647490466288
2, 67, 0.124547381101321
2, 68, 0.124451320925281
2, 69, 0.124359337281508
2, 70, 0.124271456331999
2, 71, 0.124187703052619
2, 72, 0.124108101228571
2, 73, 0.124032673450116
2, 74, 0.123961441108551
2, 75, 0.123894424392424
2, 76, 0.123831642284004
2, 77, 0.12377311255597
2, 78, 0.123718851768353
2, 79, 0.123668875265692
2, 80, 0.123623197174419
2, 81, 0.123581830400475
2, 82, 0.123544786627135
2, 83, 0.123512076313051
2, 84, 0.123483708690511
2, 85, 0.123459691763909
2, 86, 0.12344003230842
2, 87, 0.123424735868884
2, 88, 0.1234138067589
2, 89, 0.123407248060111
2, 90, 0.123405061621704
2, 91, 0.123407248060111
2, 92, 0.1234138067589
2, 93, 0.123424735868884
2, 94, 0.123440032308419
2, 95, 0.123459691763909
2, 96, 0.123483708690511
2, 97, 0.123512076313051
2, 98, 0.123544786627135
2, 99, 0.123581830400475
2, 100, 0.123623197174419
2, 101, 0.123668875265692
2, 102, 0.123718851768354
2, 103, 0.12377311255597
2, 104, 0.123831642284004
2, 105, 0.123894424392424
2, 106, 0.123961441108551
2, 107, 0.124032673450117
2, 108, 0.124108101228571
2, 109, 0.12418770305262
2, 110, 0.124271456331999
2, 111, 0.124359337281508
2, 112, 0.124451320925281
2, 113, 0.12454738110132
2, 114, 0.124647490466287
2, 115, 0.124751620500559
2, 116, 0.124859741513559
2, 117, 0.12497182264935
2, 118, 0.12508783189253
2, 119, 0.125207736074386
2, 120, 0.125331500879369
2, 121, 0.125459090851839
2, 122, 0.125590469403121
2, 123, 0.125725598818879
2, 124, 0.125864440266784
2, 125, 0.126006953804506
2, 126, 0.126153098388037
2, 127, 0.126302831880321
2, 128, 0.126456111060242
2, 129, 0.126612891631919
2, 130, 0.126773128234366
2, 131, 0.126936774451484
2, 132, 0.127103782822412
2, 133, 0.127274104852216
2, 134, 0.127447691022952
2, 135, 0.127624490805075
2, 136, 0.127804452669223
2, 137, 0.127987524098364
2, 138, 0.128173651600298
2, 139, 0.12836278072056
2, 140, 0.128554856055662
2, 141, 0.128749821266738
2, 142, 0.128947619093549
2, 143, 0.129148191368869
2, 144, 0.129351479033252
2, 145, 0.129557422150173
2, 146, 0.12976595992155
2, 147, 0.129977030703639
2, 148, 0.130190572023309
2, 149, 0.130406520594695
2, 150, 0.130624812336215
2, 151, 0.130845382387962
2, 152, 0.131068165129472
2, 153, 0.131293094197849
2, 154, 0.13152010250625
2, 155, 0.131749122262737
2, 156, 0.131980084989478
2, 157, 0.132212921542297
2, 158, 0.132447562130566
2, 159, 0.132683936337442
2, 160, 0.13292197314043
2, 161, 0.133161600932281
2, 162, 0.133402747542193
2, 163, 0.133645340257346
2, 164, 0.133889305844726
2, 165, 0.13413457057325
2, 166, 0.134381060236183
2, 167, 0.134628700173829
2, 168, 0.134877415296503
2, 169, 0.13512713010775
2, 170, 0.135377768727831
2, 171, 0.135629254917438
2, 172, 0.135881512101653
2, 173, 0.136134463394115
2, 174, 0.136388031621411
2, 175, 0.136642139347653
2, 176, 0.13689670889925
2, 177, 0.137151662389859
2, 178, 0.137406921745489
2, 179, 0.13766240872977
2, 180, 0.137918044969354
2, 181, 0.138173751979446
2, 182, 0.138429451189451
2, 183, 0.138685063968718
2, 184, 0.138940511652385
2, 185, 0.139195715567291
2, 186, 0.139450597057953
2, 187, 0.139705077512598
2, 188, 0.13995907838923
2, 189, 0.140212521241723
2, 190, 0.140465327745923
2, 191, 0.140717419725756
2, 192, 0.140968719179305
2, 193, 0.141219148304885
2, 194, 0.141468629527052
2, 195, 0.141717085522575
2, 196, 0.141964439246334
2, 197, 0.142210613957141
2, 198, 0.142455533243477
2, 199, 0.14269912104911
2, 200, 0.142941301698608
2, 201, 0.143181999922721
2, 202, 0.143421140883625
2, 203, 0.143658650200006
2, 204, 0.143894453971989
2, 205, 0.144128478805891
2, 206, 0.144360651838776
2, 207, 0.144590900762833
2, 208, 0.144819153849531
2, 209, 0.145045339973555
2, 210, 0.145269388636527
2, 211, 0.145491229990473
2, 212, 0.145710794861056
2, 213, 0.145928014770536
2, 214, 0.146142821960478
2, 215, 0.146355149414175
2, 216, 0.146564930878795
2, 217, 0.146772100887225
2, 218, 0.146976594779626
2, 219, 0.147178348724676
2, 220, 0.14737729974049
2, 221, 0.147573385715235
2, 222, 0.147766545427399
2, 223, 0.147956718565731
2, 224, 0.148143845748847
2, 225, 0.148327868544476
2, 226, 0.148508729488356
2, 227, 0.148686372102778
2, 228, 0.148860740914762
2, 229, 0.149031781473866
2, 230, 0.149199440369614
2, 231, 0.149363665248565
2, 232, 0.149524404830985
2, 233, 0.149681608927137
2, 234, 0.149835228453191
2, 235, 0.149985215446738
2, 236, 0.150131523081907
2, 237, 0.150274105684082
2, 238, 0.150412918744241
2, 239, 0.150547918932856
2, 240, 0.150679064113429
2, 241, 0.150806313355591
2, 242, 0.150929626947809
2, 243, 0.151048966409682
2, 244, 0.151164294503823
2, 245, 0.151275575247331
2, 246, 0.151382773922849
2, 247, 0.151485857089209
2, 248, 0.151584792591661
2, 249, 0.15167954957169
2, 250, 0.15177009847641
2, 251, 0.151856411067549
2, 252, 0.151938460430011
2, 253, 0.152016220980023
2, 254, 0.152089668472864
2, 255, 0.152158780010178
2, 256, 0.152223534046866
2, 257, 0.152283910397557
2, 258, 0.152339890242673
2, 259, 0.152391456134057
2, 260, 0.152438592000207
2, 261, 0.152481283151064
2, 262, 0.152519516282406
2, 263, 0.15255327947981
2, 264, 0.152582562222204
2, 265, 0.152607355384994
2, 266, 0.152627651242779
2, 267, 0.152643443471647
2, 268, 0.152654727151051
2, 269, 0.152661498765274
2, 270, 0.152663756204465
2, 271, 0.152661498765275
2, 272, 0.152654727151052
2, 273, 0.152643443471647
2, 274, 0.152627651242779
2, 275, 0.152607355384994
2, 276, 0.152582562222204
2, 277, 0.15255327947981
2, 278, 0.152519516282406
2, 279, 0.152481283151064
2, 280, 0.152438592000207
2, 281, 0.152391456134058
2, 282, 0.152339890242673
2, 283, 0.152283910397558
2, 284, 0.152223534046867
2, 285, 0.152158780010179
2, 286, 0.152089668472864
2, 287, 0.152016220980022
2, 288, 0.151938460430011
2, 289, 0.151856411067549
2, 290, 0.15177009847641
2, 291, 0.151679549571689
2, 292, 0.151584792591661
2, 293, 0.151485857089209
2, 294, 0.151382773922849
2, 295, 0.151275575247331
2, 296, 0.151164294503823
2, 297, 0.151048966409682
2, 298, 0.150929626947808
2, 299, 0.150806313355591
2, 300, 0.150679064113428
2, 301, 0.150547918932856
2, 302, 0.15041291874424
2, 303, 0.150274105684082
2, 304, 0.150131523081906
2, 305, 0.149985215446738
2, 306, 0.149835228453191
2, 307, 0.149681608927137
2, 308, 0.149524404830985
2, 309, 0.149363665248566
2, 310, 0.149199440369614
2, 311, 0.149031781473865
2, 312, 0.148860740914762
2, 313, 0.148686372102778
2, 314, 0.148508729488356
2, 315, 0.148327868544476
2, 316, 0.148143845748847
2, 317, 0.14795671856573
2, 318, 0.147766545427398
2, 319, 0.147573385715235
2, 320, 0.14737729974049
2, 321, 0.147178348724675
2, 322, 0.146976594779627
2, 323, 0.146772100887225
2, 324, 0.146564930878794
2, 325, 0.146355149414175
2, 326, 0.146142821960478
2, 327, 0.145928014770536
2, 328, 0.145710794861056
2, 329, 0.145491229990474
2, 330, 0.145269388636526
2, 331, 0.145045339973555
2, 332, 0.144819153849531
2, 333, 0.144590900762834
2, 334, 0.144360651838776
2, 335, 0.144128478805891
2, 336, 0.14389445397199
2, 337, 0.143658650200006
2, 338, 0.143421140883625
2, 339, 0.143181999922721
2, 340, 0.142941301698608
2, 341, 0.14269912104911
2, 342, 0.142455533243477
2, 343, 0.142210613957141
2, 344, 0.141964439246333
2, 345, 0.141717085522575
2, 346, 0.141468629527052
2, 347, 0.141219148304885
2, 348, 0.140968719179305
2, 349, 0.140717419725755
2, 350, 0.140465327745923
2, 351, 0.140212521241723
2, 352, 0.13995907838923
2, 353, 0.139705077512599
2, 354, 0.139450597057954
2, 355, 0.139195715567291
2, 356, 0.138940511652385
2, 357, 0.138685063968718
2, 358, 0.13842945118945
2, 359, 0.138173751979446
2, 360, 0.137918044969354
3, 0, 0.137870271016345
3, 1, 0.137486977892367
3, 2, 0.137103962603009
3, 3, 0.136721343779747
3, 4, 0.136339239778533
3, 5, 0.135957768638203
3, 6, 0.135577048039204
3, 7, 0.135197195262652
3, 8, 0.134818327149762
3, 9, 0.13444056006167
3, 10, 0.134064009839674
3, 11, 0.133688791765922
3, 12, 0.133315020524571
3, 13, 0.132942810163445
3, 14, 0.13257227405621
3, 15, 0.132203524865103
3, 16, 0.131836674504213
3, 17, 0.131471834103366
3, 18, 0.131109113972604
3, 19, 0.130748623567309
3, 20, 0.130390471453963
3, 21, 0.130034765276574
3, 22, 0.129681611723795
3, 23, 0.129331116496725
3, 24, 0.128983384277435
3, 25, 0.128638518698213
3, 26, 0.128296622311549
3, 27, 0.127957796560863
3, 28, 0.127622141752
3, 29, 0.127289757025485
3, 30, 0.126960740329556
3, 31, 0.126635188393969
3, 32, 0.1263131967046
3, 33, 0.125994859478822
3, 34, 0.125680269641685
3, 35, 0.125369518802875
3, 36, 0.125062697234474
3, 37, 0.124759893849504
3, 38, 0.124461196181261
3, 39, 0.124166690363431
3, 40, 0.123876461110986
3, 41, 0.123590591701847
3, 42, 0.12330916395932
3, 43, 0.12303225823528
3, 44, 0.12275995339411
3, 45, 0.122492326797367
3, 46, 0.122229454289185
3, 47, 0.121971410182377
3, 48, 0.121718267245249
3, 49, 0.121470096689092
3, 50, 0.12122696815634
3, 51, 0.120988949709397
3, 52, 0.120756107820085
3, 53, 0.120528507359719
3, 54, 0.120306211589789
3, 55, 0.12008928215322
3, 56, 0.119877779066198
3, 57, 0.119671760710544
3, 58, 0.119471283826613
3, 59, 0.119276403506697
3, 60, 0.119087173188915
3, 61, 0.118903644651571
3, 62, 0.118725868007947
3, 63, 0.118553891701528
3, 64, 0.118387762501625
3, 65, 0.11822752549938
3, 66, 0.11807322410413
3, 67, 0.117924900040111
3, 68, 0.117782593343485
3, 69, 0.117646342359663
3, 70, 0.1175161837409
3, 71, 0.117392152444164
3, 72, 0.117274281729238
3, 73, 0.117162603157035
3, 74, 0.117057146588138
3, 75, 0.116957940181503
3, 76, 0.116865010393347
3, 77, 0.116778381976187
3, 78, 0.116698077978011
3, 79, 0.116624119741574
3, 80, 0.116556526903814
3, 81, 0.116495317395348
3, 82, 0.116440507440064
3, 83, 0.116392111554785
3, 84, 0.11635014254899
3, 85, 0.1163146115246
3, 86, 0.116285527875796
3, 87, 0.116262899288894
3, 88, 0.116246731742233
3, 89, 0.116237029506106
3, 90, 0.116233795142707
3, 91, 0.116237029506105
3, 92, 0.116246731742233
3, 93, 0.116262899288895
3, 94, 0.116285527875797
3, 95, 0.1163146115246
3, 96, 0.11635014254899
3, 97, 0.116392111554786
3, 98, 0.116440507440065
3, 99, 0.116495317395349
3, 100, 0.116556526903814
3, 101, 0.116624119741574
3, 102, 0.11669807797801
3, 103, 0.116778381976187
3, 104, 0.116865010393347
3, 105, 0.116957940181503
3, 106, 0.117057146588138
3, 107, 0.117162603157035
3, 108, 0.117274281729238
3, 109, 0.117392152444164
3, 110, 0.117516183740899
3, 111, 0.117646342359663
3, 112, 0.117782593343486
3, 113, 0.117924900040111
3, 114, 0.11807322410413
3, 115, 0.11822752549938
3, 116, 0.118387762501625
3, 117, 0.118553891701528
3, 118, 0.118725868007946
3, 119, 0.118903644651571
3, 120, 0.119087173188915
3, 121, 0.119276403506697
3, 122, 0.119471283826613
3, 123, 0.119671760710544
3, 124, 0.119877779066198
3, 125, 0.12008928215322
3, 126, 0.120306211589789
3, 127, 0.120528507359719
3, 128, 0.120756107820085
3, 129, 0.120988949709397
3, 130, 0.12122696815634
3, 131, 0.121470096689092
3, 132, 0.12171826724525
3, 133, 0.121971410182377
3, 134, 0.122229454289186
3, 135, 0.122492326797368
3, 136, 0.12275995339411
3, 137, 0.123032258235281
3, 138, 0.12330916395932
3, 139, 0.123590591701847
3, 140, 0.123876461110986
3, 141, 0.124166690363431
3, 142, 0.124461196181261
3, 143, 0.124759893849504
3, 144, 0.125062697234474
3, 145, 0.125369518802875
3, 146, 0.125680269641685
3, 147, 0.125994859478822
3, 148, 0.1263131967046
3, 149, 0.126635188393969
3, 150, 0.126960740329556
3, 151, 0.127289757025485
3, 152, 0.127622141752
3, 153, 0.127957796560863
3, 154, 0.128296622311549
3, 155, 0.128638518698214
3, 156, 0.128983384277435
3, 157, 0.129331116496725
3, 158, 0.129681611723795
3, 159, 0.130034765276574
3, 160, 0.130390471453962
3, 161, 0.13074862356731
3, 162, 0.131109113972605
3, 163, 0.131471834103366
3, 164, 0.131836674504214
3, 165, 0.132203524865103
3, 166, 0.13257227405621
3, 167, 0.132942810163445
3, 168, 0.133315020524571
3, 169, 0.133688791765922
3, 170, 0.134064009839674
3, 171, 0.13444056006167
3, 172, 0.134818327149762
3, 173, 0.135197195262652
3, 174, 0.135577048039205
3, 175, 0.135957768638203
3, 176, 0.136339239778533
3, 177, 0.136721343779747
3, 178, 0.137103962603009
3, 179, 0.137486977892367
3, 180, 0.137870271016345
3, 181, 0.1382537231098
3, 182, 0.138637215116049
3, 183, 0.139020627829211
3, 184, 0.13940384193674
3, 185, 0.139786738062125
3, 186, 0.14016919680772
3, 187, 0.140551098797692
3, 188, 0.140932324721019
3, 189, 0.141312755374553
3, 190, 0.141692271706089
3, 191, 0.142070754857423
3, 192, 0.142448086207362
3, 193, 0.142824147414662
3, 194, 0.143198820460864
3, 195, 0.143571987693006
3, 196, 0.143943531866165
3, 197, 0.144313336185822
3, 198, 0.144681284350014
3, 199, 0.145047260591239
3, 200, 0.14541114971811
3, 201, 0.145772837156697
3, 202, 0.146132208991579
3, 203, 0.146489152006535
3, 204, 0.146843553724882
3, 205, 0.147195302449431
3, 206, 0.147544287302028
3, 207, 0.147890398262667
3, 208, 0.148233526208167
3, 209, 0.148573562950362
3, 210, 0.148910401273818
3, 211, 0.149243934973043
3, 212, 0.149574058889174
3, 213, 0.149900668946127
3, 214, 0.150223662186195
3, 215, 0.150542936805083
3, 216, 0.150858392186358
3, 217, 0.151169928935307
3, 218, 0.1514774489122
3, 219, 0.151780855264926
3, 220, 0.152080052461015
3, 221, 0.152374946319024
3, 222, 0.152665444039276
3, 223, 0.152951454233963
3, 224, 0.153232886956585
3, 225, 0.153509653730731
3, 226, 0.1537816675782
3, 227, 0.154048843046447
3, 228, 0.15431109623536
3, 229, 0.154568344823366
3, 230, 0.154820508092857
3, 231, 0.155067506954938
3, 232, 0.155309263973508
3, 233, 0.155545703388647
3, 234, 0.155776751139346
3, 235, 0.156002334885543
3, 236, 0.156222384029508
3, 237, 0.156436829736535
3, 238, 0.156645604954988
3, 239, 0.156848644435666
3, 240, 0.157045884750521
3, 241, 0.15723726431071
3, 242, 0.157422723384007
3, 243, 0.157602204111555
3, 244, 0.157775650523988
3, 245, 0.157943008556914
3, 246, 0.158104226065761
3, 247, 0.158259252840008
3, 248, 0.158408040616788
3, 249, 0.158550543093887
3, 250, 0.158686715942126
3, 251, 0.158816516817144
3, 252, 0.158939905370594
3, 253, 0.159056843260734
3, 254, 0.159167294162453
3, 255, 0.159271223776698
3, 256, 0.159368599839346
3, 257, 0.159459392129499
3, 258, 0.15954357247722
3, 259, 0.159621114770713
3, 260, 0.159691994962945
3, 261, 0.159756191077733
3, 262, 0.159813683215271
3, 263, 0.159864453557133
3, 264, 0.159908486370728
3, 265, 0.15994576801323
3, 266, 0.159976286934973
3, 267, 0.160000033682325
3, 268, 0.160017000900033
3, 269, 0.160027183333043
3, 270, 0.160030577827803
3, 271, 0.160027183333043
3, 272, 0.160017000900033
3, 273, 0.160000033682324
3, 274, 0.159976286934972
3, 275, 0.159945768013229
3, 276, 0.159908486370728
3, 277, 0.159864453557134
3, 278, 0.159813683215272
3, 279, 0.159756191077733
3, 280, 0.159691994962945
3, 281, 0.159621114770713
3, 282, 0.159543572477221
3, 283, 0.159459392129498
3, 284, 0.159368599839346
3, 285, 0.159271223776698
3, 286, 0.159167294162453
3, 287, 0.159056843260733
3, 288, 0.158939905370593
3, 289, 0.158816516817144
3, 290, 0.158686715942125
3, 291, 0.158550543093888
3, 292, 0.158408040616789
3, 293, 0.158259252840008
3, 294, 0.158104226065761
3, 295, 0.157943008556914
3, 296, 0.157775650523988
3, 297, 0.157602204111555
3, 298, 0.157422723384006
3, 299, 0.157237264310709
3, 300, 0.15704588475052
3, 301, 0.156848644435666
3, 302, 0.156645604954988
3, 303, 0.156436829736535
3, 304, 0.156222384029508
3, 305, 0.156002334885544
3, 306, 0.155776751139346
3, 307, 0.155545703388648
3, 308, 0.155309263973508
3, 309, 0.155067506954938
3, 310, 0.154820508092856
3, 311, 0.154568344823366
3, 312, 0.15431109623536
3, 313, 0.154048843046448
3, 314, 0.1537816675782
3, 315, 0.153509653730731
3, 316, 0.153232886956585
3, 317, 0.152951454233963
3, 318, 0.152665444039275
3, 319, 0.152374946319023
3, 320, 0.152080052461015
3, 321, 0.151780855264926
3, 322, 0.1514774489122
3, 323, 0.151169928935307
3, 324, 0.150858392186357
3, 325, 0.150542936805083
3, 326, 0.150223662186195
3, 327, 0.149900668946127
3, 328, 0.149574058889174
3, 329, 0.149243934973042
3, 330, 0.148910401273818
3, 331, 0.148573562950362
3, 332, 0.148233526208167
3, 333, 0.147890398262667
3, 334, 0.147544287302028
3, 335, 0.147195302449432
3, 336, 0.146843553724883
3, 337, 0.146489152006536
3, 338, 0.146132208991579
3, 339, 0.145772837156697
3, 340, 0.14541114971811
3, 341, 0.145047260591239
3, 342, 0.144681284350013
3, 343, 0.144313336185822
3, 344, 0.143943531866165
3, 345, 0.143571987693006
3, 346, 0.143198820460865
3, 347, 0.142824147414662
3, 348, 0.142448086207362
3, 349, 0.142070754857424
3, 350, 0.141692271706089
3, 351, 0.141312755374553
3, 352, 0.140932324721019
3, 353, 0.140551098797692
3, 354, 0.140169196807721
3, 355, 0.139786738062125
3, 356, 0.13940384193674
3, 357, 0.139020627829212
3, 358, 0.138637215116049
3, 359, 0.1382537231098
3, 360, 0.137870271016345
4, 0, 0.137803224555049
4, 1, 0.137292456042549
4, 2, 0.136782130107079
4, 3, 0.136272406967502
4, 4, 0.13576344638038
4, 5, 0.135255407577922
4, 6, 0.13474844920647
4, 7, 0.134242729265603
4, 8, 0.133738405047903
4, 9, 0.13323563307943
4, 10, 0.132734569060984
4, 11, 0.132235367810182
4, 12, 0.131738183204417
4, 13, 0.131243168124741
4, 14, 0.130750474400724
4, 15, 0.130260252756341
4, 16, 0.129772652756917
4, 17, 0.129287822757191
4, 18, 0.128805909850526
4, 19, 0.128327059819316
4, 20, 0.127851417086617
4, 21, 0.127379124669045
4, 22, 0.126910324130958
4, 23, 0.126445155539986
4, 24, 0.125983757423889
4, 25, 0.125526266728809
4, 26, 0.125072818778916
4, 27, 0.124623547237478
4, 28, 0.124178584069361
4, 29, 0.123738059504993
4, 30, 0.123302102005775
4, 31, 0.122870838230977
4, 32, 0.122444393006102
4, 33, 0.122022889292739
4, 34, 0.121606448159894
4, 35, 0.12119518875679
4, 36, 0.120789228287164
4, 37, 0.120388681985
4, 38, 0.119993663091736
4, 39, 0.119604282834912
4, 40, 0.119220650408232
4, 41, 0.118842872953036
4, 42, 0.118471055541168
4, 43, 0.118105301159185
4, 44, 0.117745710693923
4, 45, 0.117392382919352
4, 46, 0.117045414484713
4, 47, 0.116704899903906
4, 48, 0.116370931546069
4, 49, 0.116043599627344
4, 50, 0.11572299220377
4, 51, 0.115409195165261
4, 52, 0.115102292230647
4, 53, 0.11480236494371
4, 54, 0.114509492670183
4, 55, 0.114223752595674
4, 56, 0.113945219724442
4, 57, 0.113673966879006
4, 58, 0.113410064700512
4, 59, 0.113153581649837
4, 60, 0.11290458400934
4, 61, 0.112663135885255
4, 62, 0.112429299210634
4, 63, 0.112203133748818
4, 64, 0.111984697097367
4, 65, 0.111774044692405
4, 66, 0.111571229813331
4, 67, 0.111376303587839
4, 68, 0.111189314997201
4, 69, 0.111010310881767
4, 70, 0.110839335946625
4, 71, 0.110676432767387
4, 72, 0.110521641796035
4, 73, 0.110375001366802
4, 74, 0.110236547702035
4, 75, 0.110106314917996
4, 76, 0.109984335030559
4, 77, 0.109870637960782
4, 78, 0.109765251540285
4, 79, 0.10966820151643
4, 80, 0.109579511557246
4, 81, 0.109499203256087
4, 82, 0.109427296135983
4, 83, 0.10936380765365
4, 84, 0.109308753203162
4, 85, 0.109262146119222
4, 86, 0.10922399768006
4, 87, 0.109194317109893
4, 88, 0.109173111580976
4, 89, 0.109160386215194
4, 90, 0.109156144085218
4, 91, 0.109160386215194
4, 92, 0.109173111580976
4, 93, 0.109194317109893
4, 94, 0.10922399768006
4, 95, 0.109262146119222
4, 96, 0.109308753203162
4, 97, 0.10936380765365
4, 98, 0.109427296135983
4, 99, 0.109499203256087
4, 100, 0.109579511557245
4, 101, 0.10966820151643
4, 102, 0.109765251540286
4, 103, 0.109870637960783
4, 104, 0.109984335030559
4, 105, 0.110106314917996
4, 106, 0.110236547702036
4, 107, 0.110375001366802
4, 108, 0.110521641796035
4, 109, 0.110676432767387
4, 110, 0.110839335946625
4, 111, 0.111010310881766
4, 112, 0.111189314997201
4, 113, 0.111376303587839
4, 114, 0.111571229813332
4, 115, 0.111774044692405
4, 116, 0.111984697097367
4, 117, 0.112203133748817
4, 118, 0.112429299210634
4, 119, 0.112663135885254
4, 120, 0.11290458400934
4, 121, 0.113153581649837
4, 122, 0.113410064700512
4, 123, 0.113673966879006
4, 124, 0.113945219724442
4, 125, 0.114223752595675
4, 126, 0.114509492670183
4, 127, 0.11480236494371
4, 128, 0.115102292230648
4, 129, 0.115409195165261
4, 130, 0.11572299220377
4, 131, 0.116043599627344
4, 132, 0.116370931546069
4, 133, 0.116704899903906
4, 134, 0.117045414484714
4, 135, 0.117392382919352
4, 136, 0.117745710693924
4, 137, 0.118105301159185
4, 138, 0.118471055541168
4, 139, 0.118842872953036
4, 140, 0.119220650408232
4, 141, 0.119604282834912
4, 142, 0.119993663091737
4, 143, 0.120388681985
4, 144, 0.120789228287164
4, 145, 0.121195188756791
4, 146, 0.121606448159893
4, 147, 0.122022889292739
4, 148, 0.122444393006102
4, 149, 0.122870838230977
4, 150, 0.123302102005775
4, 151, 0.123738059504993
4, 152, 0.124178584069361
4, 153, 0.124623547237477
4, 154, 0.125072818778916
4, 155, 0.125526266728808
4, 156, 0.12598375742389
4, 157, 0.126445155539986
4, 158, 0.126910324130958
4, 159, 0.127379124669045
4, 160, 0.127851417086618
4, 161, 0.128327059819316
4, 162, 0.128805909850526
4, 163, 0.129287822757191
4, 164, 0.129772652756918
4, 165, 0.130260252756342
4, 166, 0.130750474400724
4, 167, 0.131243168124741
4, 168, 0.131738183204417
4, 169, 0.132235367810182
4, 170, 0.132734569060984
4, 171, 0.133235633079429
4, 172, 0.133738405047903
4, 173, 0.134242729265603
4, 174, 0.13474844920647
4, 175, 0.135255407577922
4, 176, 0.13576344638038
4, 177, 0.136272406967502
4, 178, 0.136782130107079
4, 179, 0.137292456042548
4, 180, 0.137803224555049
4, 181, 0.138314275025973
4, 182, 0.138825446499952
4, 183, 0.139336577748223
4, 184, 0.139847507332306
4, 185, 0.140358073667951
4, 186, 0.140868115089272
4, 187, 0.141377469913035
4, 188, 0.14188597650302
4, 189, 0.142393473334415
4, 190, 0.142899799058163
4, 191, 0.143404792565241
4, 192, 0.143908293050767
4, 193, 0.144410140077925
4, 194, 0.144910173641614
4, 195, 0.145408234231806
4, 196, 0.145904162896516
4, 197, 0.146397801304379
4, 198, 0.146888991806746
4, 199, 0.147377577499269
4, 200, 0.147863402282935
4, 201, 0.14834631092447
4, 202, 0.148826149116113
4, 203, 0.149302763534689
4, 204, 0.149776001899935
4, 205, 0.150245713032077
4, 206, 0.150711746908574
4, 207, 0.151173954720026
4, 208, 0.151632188925205
4, 209, 0.152086303305174
4, 210, 0.152536153016464
4, 211, 0.152981594643291
4, 212, 0.153422486248777
4, 213, 0.153858687425161
4, 214, 0.15429005934297
4, 215, 0.154716464799143
4, 216, 0.155137768264078
4, 217, 0.155553835927598
4, 218, 0.155964535743817
4, 219, 0.156369737474898
4, 220, 0.156769312733693
4, 221, 0.157163135025254
4, 222, 0.15755107978723
4, 223, 0.157933024429109
4, 224, 0.158308848370351
4, 225, 0.158678433077361
4, 226, 0.159041662099359
4, 227, 0.159398421103103
4, 228, 0.1597485979065
4, 229, 0.160092082511099
4, 230, 0.16042876713348
4, 231, 0.16075854623555
4, 232, 0.161081316553747
4, 233, 0.161396977127181
4, 234, 0.161705429324708
4, 235, 0.162006576870966
4, 236, 0.162300325871383
4, 237, 0.162586584836172
4, 238, 0.162865264703327
4, 239, 0.16313627886066
4, 240, 0.163399543166858
4, 241, 0.16365497597163
4, 242, 0.163902498134909
4, 243, 0.164142033045179
4, 244, 0.164373506636919
4, 245, 0.164596847407193
4, 246, 0.164811986431397
4, 247, 0.165018857378216
4, 248, 0.165217396523759
4, 249, 0.165407542764964
4, 250, 0.165589237632207
4, 251, 0.165762425301225
4, 252, 0.165927052604307
4, 253, 0.166083069040798
4, 254, 0.16623042678695
4, 255, 0.166369080705104
4, 256, 0.166498988352255
4, 257, 0.166620109987997
4, 258, 0.166732408581872
4, 259, 0.166835849820137
4, 260, 0.16693040211197
4, 261, 0.167016036595123
4, 262, 0.167092727141034
4, 263, 0.167160450359415
4, 264, 0.167219185602331
4, 265, 0.167268914967768
4, 266, 0.167309623302709
4, 267, 0.167341298205726
4, 268, 0.167363930029086
4, 269, 0.167377511880389
4, 270, 0.167382039623727
4, 271, 0.167377511880389
4, 272, 0.167363930029087
4, 273, 0.167341298205726
4, 274, 0.167309623302709
4, 275, 0.167268914967767
4, 276, 0.167219185602331
4, 277, 0.167160450359414
4, 278, 0.167092727141034
4, 279, 0.167016036595123
4, 280, 0.16693040211197
4, 281, 0.166835849820137
4, 282, 0.166732408581872
4, 283, 0.166620109987998
4, 284, 0.166498988352256
4, 285, 0.166369080705104
4, 286, 0.166230426786949
4, 287, 0.166083069040798
4, 288, 0.165927052604307
4, 289, 0.165762425301225
4, 290, 0.165589237632206
4, 291, 0.165407542764963
4, 292, 0.165217396523759
4, 293, 0.165018857378215
4, 294, 0.164811986431398
4, 295, 0.164596847407193
4, 296, 0.16437350663692
4, 297, 0.164142033045178
4, 298, 0.163902498134909
4, 299, 0.16365497597163
4, 300, 0.163399543166859
4, 301, 0.16313627886066
4, 302, 0.162865264703327
4, 303, 0.162586584836172
4, 304, 0.162300325871383
4, 305, 0.162006576870966
4, 306, 0.161705429324708
4, 307, 0.161396977127181
4, 308, 0.161081316553747
4, 309, 0.160758546235549
4, 310, 0.16042876713348
4, 311, 0.160092082511099
4, 312, 0.159748597906501
4, 313, 0.159398421103104
4, 314, 0.159041662099359
4, 315, 0.158678433077362
4, 316, 0.158308848370351
4, 317, 0.157933024429109
4, 318, 0.157551079787229
4, 319, 0.157163135025254
4, 320, 0.156769312733693
4, 321, 0.156369737474899
4, 322, 0.155964535743817
4, 323, 0.155553835927598
4, 324, 0.155137768264078
4, 325, 0.154716464799143
4, 326, 0.154290059342969
4, 327, 0.153858687425161
4, 328, 0.153422486248777
4, 329, 0.15298159464329
4, 330, 0.152536153016465
4, 331, 0.152086303305174
4, 332, 0.151632188925205
4, 333, 0.151173954720026
4, 334, 0.150711746908573
4, 335, 0.150245713032077
4, 336, 0.149776001899934
4, 337, 0.149302763534688
4, 338, 0.148826149116114
4, 339, 0.14834631092447
4, 340, 0.147863402282934
4, 341, 0.14737757749927
4, 342, 0.146888991806745
4, 343, 0.146397801304379
4, 344, 0.145904162896516
4, 345, 0.145408234231806
4, 346, 0.144910173641614
4, 347, 0.144410140077924
4, 348, 0.143908293050766
4, 349, 0.14340479256524
4, 350, 0.142899799058163
4, 351, 0.142393473334414
4, 352, 0.14188597650302
4, 353, 0.141377469913035
4, 354, 0.140868115089272
4, 355, 0.140358073667951
4, 356, 0.139847507332306
4, 357, 0.139336577748222
4, 358, 0.138825446499951
4, 359, 0.138314275025973
4, 360, 0.137803224555049
5, 0, 0.137716740234012
5, 1, 0.137078736114618
5, 2, 0.136441375444431
5, 3, 0.135804861808716
5, 4, 0.135169398095352
5, 5, 0.134535186406516
5, 6, 0.133902427971272
5, 7, 0.133271323059085
5, 8, 0.132642070894417
5, 9, 0.132014869572491
5, 10, 0.131389915976307
5, 11, 0.130767405695016
5, 12, 0.130147532943752
5, 13, 0.129530490484996
5, 14, 0.128916469551583
5, 15, 0.128305659771409
5, 16, 0.127698249093941
5, 17, 0.127094423718607
5, 18, 0.126494368025132
5, 19, 0.125898264505894
5, 20, 0.125306293700369
5, 21, 0.124718634131731
5, 22, 0.124135462245658
5, 23, 0.123556952351403
5, 24, 0.122983276565175
5, 25, 0.122414604755883
5, 26, 0.121851104493276
5, 27, 0.121292940998499
5, 28, 0.120740277097147
5, 29, 0.120193273174754
5, 30, 0.11965208713483
5, 31, 0.119116874359384
5, 32, 0.118587787671994
5, 33, 0.118064977303392
5, 34, 0.117548590859582
5, 35, 0.117038773292468
5, 36, 0.116535666872995
5, 37, 0.116039411166774
5, 38, 0.115550143012161
5, 39, 0.115067996500778
5, 40, 0.11459310296043
5, 41, 0.114125590940384
5, 42, 0.113665586198953
5, 43, 0.113213211693359
5, 44, 0.112768587571809
5, 45, 0.112331831167711
5, 46, 0.111903056996012
5, 47, 0.111482376751522
5, 48, 0.111069899309244
5, 49, 0.110665730726544
5, 50, 0.110269974247147
5, 51, 0.109882730306856
5, 52, 0.109504096540912
5, 53, 0.109134167792898
5, 54, 0.108773036125122
5, 55, 0.108420790830366
5, 56, 0.108077518444908
5, 57, 0.10774330276274
5, 58, 0.107418224850864
5, 59, 0.107102363065581
5, 60, 0.106795793069659
5, 61, 0.106498587850306
5, 62, 0.106210817737812
5, 63, 0.105932550424796
5, 64, 0.105663850985923
5, 65, 0.105404781898011
5, 66, 0.105155403060441
5, 67, 0.104915771815725
5, 68, 0.104685942970184
5, 69, 0.10446596881461
5, 70, 0.104255899144839
5, 71, 0.104055781282104
5, 72, 0.103865660093138
5, 73, 0.103685578009871
5, 74, 0.103515575048697
5, 75, 0.10335568882918
5, 76, 0.103205954592157
5, 77, 0.10306640521713
5, 78, 0.102937071238907
5, 79, 0.102817980863389
5, 80, 0.10270915998248
5, 81, 0.102610632188006
5, 82, 0.10252241878464
5, 83, 0.102444538801748
5, 84, 0.102377009004114
5, 85, 0.102319843901518
5, 86, 0.102273055757093
5, 87, 0.102236654594483
5, 88, 0.102210648203707
5, 89, 0.102195042145767
5, 90, 0.10218983975594
5, 91, 0.102195042145767
5, 92, 0.102210648203707
5, 93, 0.102236654594483
5, 94, 0.102273055757094
5, 95, 0.102319843901518
5, 96, 0.102377009004115
5, 97, 0.102444538801747
5, 98, 0.10252241878464
5, 99, 0.102610632188006
5, 100, 0.10270915998248
5, 101, 0.10281798086339
5, 102, 0.102937071238907
5, 103, 0.10306640521713
5, 104, 0.103205954592156
5, 105, 0.10335568882918
5, 106, 0.103515575048697
5, 107, 0.103685578009871
5, 108, 0.103865660093137
5, 109, 0.104055781282104
5, 110, 0.104255899144839
5, 111, 0.104465968814611
5, 112, 0.104685942970184
5, 113, 0.104915771815725
5, 114, 0.105155403060442
5, 115, 0.105404781898011
5, 116, 0.105663850985923
5, 117, 0.105932550424796
5, 118, 0.106210817737812
5, 119, 0.106498587850305
5, 120, 0.106795793069659
5, 121, 0.107102363065581
5, 122, 0.107418224850865
5, 123, 0.107743302762739
5, 124, 0.108077518444908
5, 125, 0.108420790830366
5, 126, 0.108773036125122
5, 127, 0.109134167792898
5, 128, 0.109504096540912
5, 129, 0.109882730306856
5, 130, 0.110269974247147
5, 131, 0.110665730726545
5, 132, 0.111069899309244
5, 133, 0.111482376751522
5, 134, 0.111903056996012
5, 135, 0.112331831167711
5, 136, 0.112768587571809
5, 137, 0.113213211693359
5, 138, 0.113665586198953
5, 139, 0.114125590940384
5, 140, 0.114593102960431
5, 141, 0.115067996500778
5, 142, 0.115550143012161
5, 143, 0.116039411166775
5, 144, 0.116535666872995
5, 145, 0.117038773292468
5, 146, 0.117548590859582
5, 147, 0.118064977303392
5, 148, 0.118587787671994
5, 149, 0.119116874359384
5, 150, 0.11965208713483
5, 151, 0.120193273174754
5, 152, 0.120740277097146
5, 153, 0.121292940998499
5, 154, 0.121851104493276
5, 155, 0.122414604755883
5, 156, 0.122983276565175
5, 157, 0.123556952351403
5, 158, 0.124135462245658
5, 159, 0.124718634131732
5, 160, 0.125306293700369
5, 161, 0.125898264505894
5, 162, 0.126494368025132
5, 163, 0.127094423718607
5, 164, 0.127698249093941
5, 165, 0.128305659771408
5, 166, 0.128916469551583
5, 167, 0.129530490484996
5, 168, 0.130147532943752
5, 169, 0.130767405695016
5, 170, 0.131389915976307
5, 171, 0.132014869572491
5, 172, 0.132642070894416
5, 173, 0.133271323059085
5, 174, 0.133902427971272
5, 175, 0.134535186406516
5, 176, 0.135169398095351
5, 177, 0.135804861808717
5, 178, 0.13644137544443
5, 179, 0.137078736114618
5, 180, 0.137716740234012
5, 181, 0.138355183609003
5, 182, 0.138993861527346
5, 183, 0.139632568848419
5, 184, 0.140271100093921
5, 185, 0.140909249538914
5, 186, 0.1415468113031
5, 187, 0.142183579442229
5, 188, 0.142819348039529
5, 189, 0.143453911297072
5, 190, 0.144087063626957
5, 191, 0.144718599742225
5, 192, 0.145348314747389
5, 193, 0.145976004228503
5, 194, 0.146601464342682
5, 195, 0.147224491906932
5, 196, 0.147844884486271
5, 197, 0.148462440480996
5, 198, 0.149076959213052
5, 199, 0.149688241011388
5, 200, 0.150296087296255
5, 201, 0.150900300662348
5, 202, 0.151500684960734
5, 203, 0.152097045379477
5, 204, 0.152689188522943
5, 205, 0.153276922489656
5, 206, 0.153860056948719
5, 207, 0.154438403214685
5, 208, 0.155011774320885
5, 209, 0.155579985091117
5, 210, 0.156142852209691
5, 211, 0.156700194289777
5, 212, 0.157251831940031
5, 213, 0.157797587829448
5, 214, 0.15833728675046
5, 215, 0.158870755680206
5, 216, 0.159397823839995
5, 217, 0.15991832275294
5, 218, 0.16043208629973
5, 219, 0.160938950772576
5, 220, 0.161438754927289
5, 221, 0.161931340033515
5, 222, 0.162416549923126
5, 223, 0.162894231036771
5, 224, 0.163364232468612
5, 225, 0.163826406009227
5, 226, 0.164280606186765
5, 227, 0.164726690306275
5, 228, 0.165164518487342
5, 229, 0.165593953699967
5, 230, 0.166014861798767
5, 231, 0.166427111555526
5, 232, 0.166830574690108
5, 233, 0.16722512589979
5, 234, 0.167610642887034
5, 235, 0.167987006385761
5, 236, 0.168354100186147
5, 237, 0.168711811157987
5, 238, 0.169060029272696
5, 239, 0.169398647623942
5, 240, 0.169727562447021
5, 241, 0.170046673136962
5, 242, 0.17035588226545
5, 243, 0.170655095596595
5, 244, 0.170944222101601
5, 245, 0.171223173972384
5, 246, 0.171491866634198
5, 247, 0.17175021875728
5, 248, 0.17199815226762
5, 249, 0.172235592356847
5, 250, 0.172462467491321
5, 251, 0.172678709420444
5, 252, 0.17288425318426
5, 253, 0.173079037120374
5, 254, 0.173263002870236
5, 255, 0.173436095384834
5, 256, 0.17359826292983
5, 257, 0.173749457090182
5, 258, 0.173889632774297
5, 259, 0.174018748217715
5, 260, 0.174136764986423
5, 261, 0.174243647979742
5, 262, 0.174339365432895
5, 263, 0.174423888919239
5, 264, 0.174497193352196
5, 265, 0.174559256986905
5, 266, 0.174610061421613
5, 267, 0.174649591598825
5, 268, 0.174677835806224
5, 269, 0.174694785677375
5, 270, 0.17470043619222
5, 271, 0.174694785677375
5, 272, 0.174677835806224
5, 273, 0.174649591598824
5, 274, 0.174610061421613
5, 275, 0.174559256986905
5, 276, 0.174497193352196
5, 277, 0.174423888919238
5, 278, 0.174339365432894
5, 279, 0.174243647979741
5, 280, 0.174136764986423
5, 281, 0.174018748217716
5, 282, 0.173889632774297
5, 283, 0.173749457090182
5, 284, 0.17359826292983
5, 285, 0.173436095384834
5, 286, 0.173263002870236
5, 287, 0.173079037120374
5, 288, 0.17288425318426
5, 289, 0.172678709420444
5, 290, 0.172462467491321
5, 291, 0.172235592356848
5, 292, 0.171998152267619
5, 293, 0.17175021875728
5, 294, 0.171491866634198
5, 295, 0.171223173972385
5, 296, 0.170944222101601
5, 297, 0.170655095596594
5, 298, 0.170355882265449
5, 299, 0.170046673136962
5, 300, 0.169727562447021
5, 301, 0.169398647623943
5, 302, 0.169060029272696
5, 303, 0.168711811157988
5, 304, 0.168354100186147
5, 305, 0.167987006385762
5, 306, 0.167610642887033
5, 307, 0.16722512589979
5, 308, 0.166830574690109
5, 309, 0.166427111555527
5, 310, 0.166014861798767
5, 311, 0.165593953699967
5, 312, 0.165164518487342
5, 313, 0.164726690306274
5, 314, 0.164280606186765
5, 315, 0.163826406009226
5, 316, 0.163364232468612
5, 317, 0.162894231036771
5, 318, 0.162416549923126
5, 319, 0.161931340033515
5, 320, 0.16143875492729
5, 321, 0.160938950772576
5, 322, 0.16043208629973
5, 323, 0.159918322752939
5, 324, 0.159397823839995
5, 325, 0.158870755680206
5, 326, 0.158337286750459
5, 327, 0.157797587829449
5, 328, 0.157251831940032
5, 329, 0.156700194289778
5, 330, 0.156142852209691
5, 331, 0.155579985091116
5, 332, 0.155011774320885
5, 333, 0.154438403214684
5, 334, 0.153860056948719
5, 335, 0.153276922489656
5, 336, 0.152689188522943
5, 337, 0.152097045379478
5, 338, 0.151500684960733
5, 339, 0.150900300662348
5, 340, 0.150296087296255
5, 341, 0.149688241011387
5, 342, 0.149076959213052
5, 343, 0.148462440480996
5, 344, 0.147844884486271
5, 345, 0.147224491906932
5, 346, 0.146601464342682
5, 347, 0.145976004228503
5, 348, 0.145348314747389
5, 349, 0.144718599742225
5, 350, 0.144087063626958
5, 351, 0.143453911297072
5, 352, 0.142819348039529
5, 353, 0.142183579442229
5, 354, 0.1415468113031
5, 355, 0.140909249538913
5, 356, 0.14027110009392
5, 357, 0.139632568848419
5, 358, 0.138993861527346
5, 359, 0.138355183609003
5, 360, 0.137716740234012
6, 0, 0.137610602049264
6, 1, 0.136845663570705
6, 2, 0.136081605369156
6, 3, 0.135318676611533
6, 4, 0.13455712548466
6, 5, 0.133797199073497
6, 6, 0.133039143240613
6, 7, 0.132283202507053
6, 8, 0.131529619934789
6, 9, 0.130778637010906
6, 10, 0.130030493533674
6, 11, 0.129285427500708
6, 12, 0.128543674999315
6, 13, 0.127805470099233
6, 14, 0.127071044747872
6, 15, 0.126340628668214
6, 16, 0.125614449259526
6, 17, 0.124892731500979
6, 18, 0.124175697858331
6, 19, 0.123463568193795
6, 20, 0.122756559679174
6, 21, 0.122054886712399
6, 22, 0.121358760837559
6, 23, 0.120668390668506
6, 24, 0.119983981816131
6, 25, 0.119305736819368
6, 26, 0.118633855080013
6, 27, 0.1179685328014
6, 28, 0.117309962930989
6, 29, 0.116658335106895
6, 30, 0.116013835608418
6, 31, 0.11537664731055
6, 32, 0.114746949642521
6, 33, 0.114124918550342
6, 34, 0.113510726463372
6, 35, 0.112904542264879
6, 36, 0.112306531266566
6, 37, 0.111716855187041
6, 38, 0.111135672134178
6, 39, 0.110563136591319
6, 40, 0.109999399407262
6, 41, 0.109444607789955
6, 42, 0.108898905303832
6, 43, 0.108362431870691
6, 44, 0.107835323774028
6, 45, 0.107317713666731
6, 46, 0.10680973058201
6, 47, 0.106311499947457
6, 48, 0.105823143602116
6, 49, 0.105344779816426
6, 50, 0.104876523314906
6, 51, 0.104418485301445
6, 52, 0.103970773487039
6, 53, 0.103533492119838
6, 54, 0.103106742017343
6, 55, 0.102690620600591
6, 56, 0.102285221930165
6, 57, 0.10189063674387
6, 58, 0.101506952495902
6, 59, 0.101134253397343
6, 60, 0.100772620457799
6, 61, 0.100422131528026
6, 62, 0.10008286134336
6, 63, 0.0997548815677712
6, 64, 0.0994382608383845
6, 65, 0.0991330648102757
6, 66, 0.0988393562013904
6, 67, 0.0985571948373968
6, 68, 0.0982866376963189
6, 69, 0.098027738952779
6, 70, 0.0977805500216809
6, 71, 0.0975451196011973
6, 72, 0.0973214937148706
6, 73, 0.0971097157527133
6, 74, 0.0969098265111393
6, 75, 0.0967218642315873
6, 76, 0.0965458646377141
6, 77, 0.0963818609710115
6, 78, 0.0962298840247338
6, 79, 0.0960899621760138
6, 80, 0.0959621214160609
6, 81, 0.0958463853783352
6, 82, 0.0957427753646005
6, 83, 0.0956513103687691
6, 84, 0.0955720070984595
6, 85, 0.0955048799941902
6, 86, 0.0954499412461482
6, 87, 0.0954072008084711
6, 88, 0.0953766664110037
6, 89, 0.0953583435684783
6, 90, 0.0953522355870934
6, 91, 0.0953583435684781
6, 92, 0.0953766664110037
6, 93, 0.0954072008084707
6, 94, 0.095449941246148
6, 95, 0.0955048799941902
6, 96, 0.0955720070984594
6, 97, 0.0956513103687692
6, 98, 0.0957427753646004
6, 99, 0.0958463853783354
6, 100, 0.0959621214160611
6, 101, 0.0960899621760135
6, 102, 0.0962298840247337
6, 103, 0.0963818609710114
6, 104, 0.096545864637714
6, 105, 0.0967218642315869
6, 106, 0.096909826511139
6, 107, 0.0971097157527135
6, 108, 0.0973214937148706
6, 109, 0.0975451196011974
6, 110, 0.097780550021681
6, 111, 0.0980277389527788
6, 112, 0.0982866376963191
6, 113, 0.0985571948373967
6, 114, 0.0988393562013905
6, 115, 0.0991330648102755
6, 116, 0.0994382608383845
6, 117, 0.0997548815677712
6, 118, 0.10008286134336
6, 119, 0.100422131528026
6, 120, 0.100772620457799
6, 121, 0.101134253397342
6, 122, 0.101506952495902
6, 123, 0.10189063674387
6, 124, 0.102285221930165
6, 125, 0.102690620600591
6, 126, 0.103106742017343
6, 127, 0.103533492119838
6, 128, 0.103970773487039
6, 129, 0.104418485301445
6, 130, 0.104876523314906
6, 131, 0.105344779816426
6, 132, 0.105823143602116
6, 133, 0.106311499947457
6, 134, 0.10680973058201
6, 135, 0.107317713666731
6, 136, 0.107835323774028
6, 137, 0.108362431870691
6, 138, 0.108898905303832
6, 139, 0.109444607789955
6, 140, 0.109999399407262
6, 141, 0.110563136591319
6, 142, 0.111135672134178
6, 143, 0.111716855187041
6, 144, 0.112306531266567
6, 145, 0.112904542264878
6, 146, 0.113510726463372
6, 147, 0.114124918550342
6, 148, 0.114746949642521
6, 149, 0.11537664731055
6, 150, 0.116013835608417
6, 151, 0.116658335106895
6, 152, 0.117309962930989
6, 153, 0.117968532801401
6, 154, 0.118633855080013
6, 155, 0.119305736819368
6, 156, 0.119983981816131
6, 157, 0.120668390668506
6, 158, 0.121358760837559
6, 159, 0.122054886712399
6, 160, 0.122756559679174
6, 161, 0.123463568193795
6, 162, 0.124175697858331
6, 163, 0.124892731500978
6, 164, 0.125614449259526
6, 165, 0.126340628668214
6, 166, 0.127071044747871
6, 167, 0.127805470099234
6, 168, 0.128543674999315
6, 169, 0.129285427500708
6, 170, 0.130030493533674
6, 171, 0.130778637010905
6, 172, 0.13152961993479
6, 173, 0.132283202507052
6, 174, 0.133039143240612
6, 175, 0.133797199073498
6, 176, 0.13455712548466
6, 177, 0.135318676611533
6, 178, 0.136081605369156
6, 179, 0.136845663570705
6, 180, 0.137610602049264
6, 181, 0.138376170780648
6, 182, 0.139142119007132
6, 183, 0.139908195361893
6, 184, 0.140674147994004
6, 185, 0.141439724693798
6, 186, 0.14220467301845
6, 187, 0.142968740417587
6, 188, 0.143731674358766
6, 189, 0.144493222452665
6, 190, 0.145253132577805
6, 191, 0.146011153004662
6, 192, 0.146767032518993
6, 193, 0.147520520544244
6, 194, 0.148271367262876
6, 195, 0.149019323736466
6, 196, 0.149764142024451
6, 197, 0.150505575301373
6, 198, 0.151243377972497
6, 199, 0.151977305787677
6, 200, 0.152707115953355
6, 201, 0.153432567242571
6, 202, 0.154153420102895
6, 203, 0.154869436762151
6, 204, 0.155580381331875
6, 205, 0.156286019908397
6, 206, 0.156986120671454
6, 207, 0.157680453980304
6, 208, 0.158368792467224
6, 209, 0.159050911128362
6, 210, 0.159726587411884
6, 211, 0.160395601303356
6, 212, 0.161057735408342
6, 213, 0.161712775032169
6, 214, 0.162360508256836
6, 215, 0.163000726015061
6, 216, 0.163633222161423
6, 217, 0.164257793540631
6, 218, 0.164874240052885
6, 219, 0.165482364716365
6, 220, 0.166081973726837
6, 221, 0.166672876514406
6, 222, 0.167254885797448
6, 223, 0.167827817633728
6, 224, 0.168391491468764
6, 225, 0.168945730181464
6, 226, 0.169490360127085
6, 227, 0.170025211177564
6, 228, 0.17055011675928
6, 229, 0.171064913888294
6, 230, 0.171569443203151
6, 231, 0.172063548995291
6, 232, 0.172547079237146
6, 233, 0.173019885608006
6, 234, 0.173481823517716
6, 235, 0.173932752128293
6, 236, 0.174372534373538
6, 237, 0.174801036976742
6, 238, 0.175218130466544
6, 239, 0.175623689191049
6, 240, 0.176017591330302
6, 241, 0.176399718907177
6, 242, 0.176769957796794
6, 243, 0.177128197734554
6, 244, 0.177474332322871
6, 245, 0.177808259036697
6, 246, 0.178129879227929
6, 247, 0.178439098128797
6, 248, 0.178735824854287
6, 249, 0.179019972403747
6, 250, 0.179291457661682
6, 251, 0.179550201397902
6, 252, 0.179796128267037
6, 253, 0.180029166807547
6, 254, 0.180249249440271
6, 255, 0.180456312466608
6, 256, 0.180650296066408
6, 257, 0.180831144295601
6, 258, 0.180998805083689
6, 259, 0.181153230231106
6, 260, 0.181294375406553
6, 261, 0.18142220014432
6, 262, 0.181536667841676
6, 263, 0.181637745756366
6, 264, 0.181725405004243
6, 265, 0.181799620557096
6, 266, 0.181860371240696
6, 267, 0.181907639733091
6, 268, 0.181941412563174
6, 269, 0.18196168010955
6, 270, 0.181968436599712
6, 271, 0.18196168010955
6, 272, 0.181941412563174
6, 273, 0.181907639733091
6, 274, 0.181860371240697
6, 275, 0.181799620557095
6, 276, 0.181725405004243
6, 277, 0.181637745756366
6, 278, 0.181536667841676
6, 279, 0.181422200144319
6, 280, 0.181294375406552
6, 281, 0.181153230231106
6, 282, 0.180998805083688
6, 283, 0.180831144295601
6, 284, 0.180650296066408
6, 285, 0.180456312466608
6, 286, 0.18024924944027
6, 287, 0.180029166807547
6, 288, 0.179796128267038
6, 289, 0.179550201397903
6, 290, 0.179291457661682
6, 291, 0.179019972403747
6, 292, 0.178735824854287
6, 293, 0.178439098128797
6, 294, 0.17812987922793
6, 295, 0.177808259036697
6, 296, 0.17747433232287
6, 297, 0.177128197734554
6, 298, 0.176769957796794
6, 299, 0.176399718907177
6, 300, 0.176017591330302
6, 301, 0.175623689191049
6, 302, 0.175218130466544
6, 303, 0.174801036976743
6, 304, 0.174372534373539
6, 305, 0.173932752128292
6, 306, 0.173481823517715
6, 307, 0.173019885608005
6, 308, 0.172547079237146
6, 309, 0.172063548995291
6, 310, 0.17156944320315
6, 311, 0.171064913888294
6, 312, 0.17055011675928
6, 313, 0.170025211177565
6, 314, 0.169490360127084
6, 315, 0.168945730181464
6, 316, 0.168391491468764
6, 317, 0.167827817633728
6, 318, 0.167254885797448
6, 319, 0.166672876514406
6, 320, 0.166081973726836
6, 321, 0.165482364716365
6, 322, 0.164874240052885
6, 323, 0.164257793540631
6, 324, 0.163633222161424
6, 325, 0.163000726015061
6, 326, 0.162360508256836
6, 327, 0.161712775032168
6, 328, 0.161057735408342
6, 329, 0.160395601303357
6, 330, 0.159726587411884
6, 331, 0.159050911128362
6, 332, 0.158368792467223
6, 333, 0.157680453980304
6, 334, 0.156986120671454
6, 335, 0.156286019908397
6, 336, 0.155580381331876
6, 337, 0.154869436762151
6, 338, 0.154153420102895
6, 339, 0.153432567242571
6, 340, 0.152707115953355
6, 341, 0.151977305787676
6, 342, 0.151243377972496
6, 343, 0.150505575301373
6, 344, 0.14976414202445
6, 345, 0.149019323736466
6, 346, 0.148271367262875
6, 347, 0.147520520544244
6, 348, 0.146767032518993
6, 349, 0.146011153004662
6, 350, 0.145253132577805
6, 351, 0.144493222452665
6, 352, 0.143731674358765
6, 353, 0.142968740417587
6, 354, 0.142204673018451
6, 355, 0.141439724693798
6, 356, 0.140674147994004
6, 357, 0.139908195361893
6, 358, 0.139142119007133
6, 359, 0.138376170780648
6, 360, 0.137610602049264
7, 0, 0.137484540882023
7, 1, 0.136593034708169
7, 2, 0.135702681284556
7, 3, 0.134813777994028
7, 4, 0.133926620910571
7, 5, 0.133041504635421
7, 6, 0.132158722134764
7, 7, 0.131278564579411
7, 8, 0.130401321186636
7, 9, 0.129527279064463
7, 10, 0.128656723058655
7, 11, 0.127789935602661
7, 12, 0.126927196570726
7, 13, 0.126068783134486
7, 14, 0.125214969623171
7, 15, 0.124366027387751
7, 16, 0.123522224669143
7, 17, 0.122683826470778
7, 18, 0.121851094435639
7, 19, 0.121024286728043
7, 20, 0.120203657920272
7, 21, 0.119389458884272
7, 22, 0.118581936688551
7, 23, 0.117781334500427
7, 24, 0.11698789149375
7, 25, 0.116201842762231
7, 26, 0.115423419238468
7, 27, 0.114652847618754
7, 28, 0.113890350293779
7, 29, 0.11313614528525
7, 30, 0.11239044618849
7, 31, 0.111653462121056
7, 32, 0.110925397677393
7, 33, 0.110206452889521
7, 34, 0.109496823193758
7, 35, 0.10879669940344
7, 36, 0.108106267687586
7, 37, 0.107425709555507
7, 38, 0.106755201847216
7, 39, 0.10609491672961
7, 40, 0.105445021698312
7, 41, 0.104805679585029
7, 42, 0.104177048570382
7, 43, 0.10355928220195
7, 44, 0.10295252941752
7, 45, 0.102356934573231
7, 46, 0.101772637476578
7, 47, 0.101199773423978
7, 48, 0.100638473242783
7, 49, 0.100088863337459
7, 50, 0.099551065739809
7, 51, 0.0990251981629059
7, 52, 0.0985113740586159
7, 53, 0.0980097026783556
7, 54, 0.0975202891369539
7, 55, 0.0970432344792682
7, 56, 0.0965786357493493
7, 57, 0.0961265860618908
7, 58, 0.0956871746756548
7, 59, 0.0952604870686695
7, 60, 0.0948466050148717
7, 61, 0.0944456066619357
7, 62, 0.0940575666100297
7, 63, 0.0936825559912105
7, 64, 0.0933206425491768
7, 65, 0.0929718907191319
7, 66, 0.092636361707464
7, 67, 0.0923141135709719
7, 68, 0.0920052012954011
7, 69, 0.0917096768730029
7, 70, 0.0914275893788737
7, 71, 0.0911589850458244
7, 72, 0.0909039073375314
7, 73, 0.0906623970197504
7, 74, 0.0904344922293236
7, 75, 0.0902202285408366
7, 76, 0.0900196390306042
7, 77, 0.0898327543379031
7, 78, 0.0896596027231466
7, 79, 0.0895002101229166
7, 80, 0.0893546002015932
7, 81, 0.0892227943995011
7, 82, 0.0891048119773449
7, 83, 0.0890006700568801
7, 84, 0.0889103836576044
7, 85, 0.0888339657294298
7, 86, 0.0887714271811961
7, 87, 0.0887227769049476
7, 88, 0.088688021795891
7, 89, 0.0886671667680053
7, 90, 0.088660214765192
7, 91, 0.0886671667680051
7, 92, 0.0886880217958911
7, 93, 0.0887227769049479
7, 94, 0.0887714271811961
7, 95, 0.0888339657294299
7, 96, 0.0889103836576058
7, 97, 0.0890006700568802
7, 98, 0.0891048119773447
7, 99, 0.0892227943995012
7, 100, 0.089354600201593
7, 101, 0.0895002101229167
7, 102, 0.0896596027231464
7, 103, 0.089832754337903
7, 104, 0.0900196390306043
7, 105, 0.0902202285408367
7, 106, 0.0904344922293232
7, 107, 0.0906623970197499
7, 108, 0.0909039073375316
7, 109, 0.0911589850458243
7, 110, 0.0914275893788736
7, 111, 0.0917096768730028
7, 112, 0.092005201295401
7, 113, 0.0923141135709718
7, 114, 0.0926363617074634
7, 115, 0.0929718907191317
7, 116, 0.0933206425491771
7, 117, 0.0936825559912104
7, 118, 0.0940575666100299
7, 119, 0.094445606661936
7, 120, 0.0948466050148715
7, 121, 0.0952604870686693
7, 122, 0.0956871746756547
7, 123, 0.0961265860618905
7, 124, 0.0965786357493494
7, 125, 0.0970432344792678
7, 126, 0.0975202891369544
7, 127, 0.0980097026783554
7, 128, 0.0985113740586163
7, 129, 0.099025198162906
7, 130, 0.0995510657398088
7, 131, 0.100088863337459
7, 132, 0.100638473242783
7, 133, 0.101199773423979
7, 134, 0.101772637476578
7, 135, 0.102356934573231
7, 136, 0.102952529417519
7, 137, 0.10355928220195
7, 138, 0.104177048570381
7, 139, 0.104805679585029
7, 140, 0.105445021698312
7, 141, 0.10609491672961
7, 142, 0.106755201847216
7, 143, 0.107425709555507
7, 144, 0.108106267687587
7, 145, 0.108796699403439
7, 146, 0.109496823193758
7, 147, 0.110206452889521
7, 148, 0.110925397677393
7, 149, 0.111653462121055
7, 150, 0.11239044618849
7, 151, 0.11313614528525
7, 152, 0.113890350293778
7, 153, 0.114652847618753
7, 154, 0.115423419238468
7, 155, 0.116201842762232
7, 156, 0.116987891493749
7, 157, 0.117781334500427
7, 158, 0.118581936688552
7, 159, 0.119389458884272
7, 160, 0.120203657920272
7, 161, 0.121024286728043
7, 162, 0.121851094435639
7, 163, 0.122683826470779
7, 164, 0.123522224669142
7, 165, 0.124366027387751
7, 166, 0.125214969623171
7, 167, 0.126068783134486
7, 168, 0.126927196570726
7, 169, 0.127789935602661
7, 170, 0.128656723058655
7, 171, 0.129527279064464
7, 172, 0.130401321186636
7, 173, 0.131278564579411
7, 174, 0.132158722134764
7, 175, 0.133041504635421
7, 176, 0.133926620910571
7, 177, 0.134813777994028
7, 178, 0.135702681284556
7, 179, 0.136593034708169
7, 180, 0.137484540882023
7, 181, 0.138376901279776
7, 182, 0.139269816398026
7, 183, 0.14016298592365
7, 184, 0.141056108901703
7, 185, 0.141948883903711
7, 186, 0.142841009195978
7, 187, 0.143732182907742
7, 188, 0.144622103198902
7, 189, 0.145510468427018
7, 190, 0.146396977313396
7, 191, 0.147281329108012
7, 192, 0.148163223752973
7, 193, 0.149042362044389
7, 194, 0.14991844579234
7, 195, 0.150791177978799
7, 196, 0.151660262913223
7, 197, 0.152525406385726
7, 198, 0.153386315817508
7, 199, 0.154242700408496
7, 200, 0.155094271281916
7, 201, 0.155940741625701
7, 202, 0.156781826830569
7, 203, 0.157617244624609
7, 204, 0.158446715204284
7, 205, 0.159269961361688
7, 206, 0.160086708607987
7, 207, 0.160896685292919
7, 208, 0.16169962272028
7, 209, 0.162495255259329
7, 210, 0.16328332045201
7, 211, 0.164063559115986
7, 212, 0.164835715443407
7, 213, 0.16559953709539
7, 214, 0.166354775292198
7, 215, 0.167101184899112
7, 216, 0.16783852450793
7, 217, 0.16856655651423
7, 218, 0.169285047190286
7, 219, 0.169993766753745
7, 220, 0.170692489432081
7, 221, 0.171380993522852
7, 222, 0.17205906144988
7, 223, 0.172726479815315
7, 224, 0.173383039447785
7, 225, 0.17402853544658
7, 226, 0.174662767222072
7, 227, 0.175285538532381
7, 228, 0.175896657516462
7, 229, 0.176495936723622
7, 230, 0.177083193139719
7, 231, 0.177658248210005
7, 232, 0.178220927858893
7, 233, 0.178771062506612
7, 234, 0.179308487083058
7, 235, 0.179833041038817
7, 236, 0.180344568353608
7, 237, 0.180842917542241
7, 238, 0.181327941658224
7, 239, 0.181799498295212
7, 240, 0.182257449586387
7, 241, 0.182701662201968
7, 242, 0.18313200734496
7, 243, 0.183548360745307
7, 244, 0.183950602652606
7, 245, 0.18433861782752
7, 246, 0.184712295532022
7, 247, 0.185071529518637
7, 248, 0.18541621801882
7, 249, 0.185746263730592
7, 250, 0.186061573805599
7, 251, 0.186362059835704
7, 252, 0.186647637839251
7, 253, 0.186918228247146
7, 254, 0.187173755888833
7, 255, 0.18741414997835
7, 256, 0.187639344100487
7, 257, 0.187849276197281
7, 258, 0.1880438885548
7, 259, 0.188223127790461
7, 260, 0.188386944840854
7, 261, 0.188535294950263
7, 262, 0.188668137659847
7, 263, 0.188785436797697
7, 264, 0.188887160469691
7, 265, 0.188973281051311
7, 266, 0.189043775180455
7, 267, 0.189098623751237
7, 268, 0.189137811908879
7, 269, 0.189161329045724
7, 270, 0.189169168798323
7, 271, 0.189161329045724
7, 272, 0.189137811908879
7, 273, 0.189098623751237
7, 274, 0.189043775180455
7, 275, 0.188973281051311
7, 276, 0.188887160469691
7, 277, 0.188785436797696
7, 278, 0.188668137659848
7, 279, 0.188535294950263
7, 280, 0.188386944840855
7, 281, 0.188223127790461
7, 282, 0.188043888554799
7, 283, 0.187849276197282
7, 284, 0.187639344100487
7, 285, 0.18741414997835
7, 286, 0.187173755888834
7, 287, 0.186918228247147
7, 288, 0.186647637839251
7, 289, 0.186362059835704
7, 290, 0.186061573805599
7, 291, 0.185746263730593
7, 292, 0.185416218018819
7, 293, 0.185071529518637
7, 294, 0.184712295532021
7, 295, 0.184338617827519
7, 296, 0.183950602652607
7, 297, 0.183548360745307
7, 298, 0.183132007344959
7, 299, 0.182701662201969
7, 300, 0.182257449586386
7, 301, 0.18179949829521
7, 302, 0.181327941658225
7, 303, 0.180842917542242
7, 304, 0.180344568353607
7, 305, 0.179833041038817
7, 306, 0.179308487083058
7, 307, 0.178771062506614
7, 308, 0.178220927858893
7, 309, 0.177658248210006
7, 310, 0.177083193139718
7, 311, 0.176495936723622
7, 312, 0.175896657516461
7, 313, 0.175285538532381
7, 314, 0.174662767222071
7, 315, 0.17402853544658
7, 316, 0.173383039447785
7, 317, 0.172726479815315
7, 318, 0.17205906144988
7, 319, 0.171380993522852
7, 320, 0.170692489432081
7, 321, 0.169993766753745
7, 322, 0.169285047190286
7, 323, 0.16856655651423
7, 324, 0.16783852450793
7, 325, 0.167101184899112
7, 326, 0.166354775292199
7, 327, 0.16559953709539
7, 328, 0.164835715443408
7, 329, 0.164063559115988
7, 330, 0.16328332045201
7, 331, 0.162495255259329
7, 332, 0.16169962272028
7, 333, 0.160896685292919
7, 334, 0.160086708607988
7, 335, 0.159269961361687
7, 336, 0.158446715204283
7, 337, 0.157617244624609
7, 338, 0.156781826830569
7, 339, 0.155940741625701
7, 340, 0.155094271281916
7, 341, 0.154242700408497
7, 342, 0.153386315817508
7, 343, 0.152525406385726
7, 344, 0.151660262913223
7, 345, 0.150791177978798
7, 346, 0.149918445792341
7, 347, 0.149042362044389
7, 348, 0.148163223752972
7, 349, 0.147281329108013
7, 350, 0.146396977313396
7, 351, 0.145510468427018
7, 352, 0.144622103198902
7, 353, 0.143732182907742
7, 354, 0.142841009195976
7, 355, 0.141948883903711
7, 356, 0.141056108901703
7, 357, 0.140162985923649
7, 358, 0.139269816398026
7, 359, 0.138376901279777
7, 360, 0.137484540882023
8, 0, 0.13733823159432
8, 1, 0.136320594495322
8, 2, 0.13530441782559
8, 3, 0.134290050216361
8, 4, 0.13327783861766
8, 5, 0.13226812808207
8, 6, 0.131261261550632
8, 7, 0.130257579641252
8, 8, 0.129257420440022
8, 9, 0.128261119295819
8, 10, 0.127269008618571
8, 11, 0.126281417681559
8, 12, 0.125298672428125
8, 13, 0.12432109528314
8, 14, 0.123349004969567
8, 15, 0.122382716330492
8, 16, 0.121422540156889
8, 17, 0.12046878302151
8, 18, 0.119521747119122
8, 19, 0.118581730113415
8, 20, 0.117649024990864
8, 21, 0.116723919921752
8, 22, 0.115806698128625
8, 23, 0.114897637762387
8, 24, 0.113997011786228
8, 25, 0.113105087867567
8, 26, 0.112222128278161
8, 27, 0.111348389802537
8, 28, 0.110484123654838
8, 29, 0.1096295754042
8, 30, 0.108784984908722
8, 31, 0.10795058625808
8, 32, 0.107126607724813
8, 33, 0.106313271724307
8, 34, 0.105510794783423
8, 35, 0.104719387517767
8, 36, 0.103939254617518
8, 37, 0.103170594841751
8, 38, 0.102413601021121
8, 39, 0.101668460068819
8, 40, 0.100935352999617
8, 41, 0.100214454956862
8, 42, 0.0995059352472073
8, 43, 0.0988099573828933
8, 44, 0.0981266791313364
8, 45, 0.0974562525717935
8, 46, 0.0967988241588146
8, 47, 0.0961545347922533
8, 48, 0.0955235198934756
8, 49, 0.0949059094875106
8, 50, 0.0943018282907941
8, 51, 0.0937113958041753
8, 52, 0.0931347264108313
8, 53, 0.0925719294787399
8, 54, 0.0920231094673357
8, 55, 0.0914883660379662
8, 56, 0.0909677941677779
8, 57, 0.0904614842666215
8, 58, 0.0899695222965919
8, 59, 0.0894919898937981
8, 60, 0.0890289644919513
8, 61, 0.0885805194473793
8, 62, 0.088146724165046
8, 63, 0.0877276442251675
8, 64, 0.0873233415100408
8, 65, 0.0869338743306526
8, 66, 0.0865592975526881
8, 67, 0.0861996627215389
8, 68, 0.0858550181859258
8, 69, 0.0855254092197354
8, 70, 0.085210878141734
8, 71, 0.0849114644327456
8, 72, 0.0846272048499747
8, 73, 0.084358133538102
8, 74, 0.0841042821368588
8, 75, 0.0838656798846843
8, 76, 0.0836423537182443
8, 77, 0.0834343283674517
8, 78, 0.0832416264457254
8, 79, 0.0830642685352339
8, 80, 0.0829022732668591
8, 81, 0.0827556573946482
8, 82, 0.082624435864538
8, 83, 0.0825086218771516
8, 84, 0.0824082269444799
8, 85, 0.0823232609402918
8, 86, 0.0822537321441172
8, 87, 0.082199647278682
8, 88, 0.0821610115406877
8, 89, 0.082137828624839
8, 90, 0.0821301007410595
8, 91, 0.082137828624839
8, 92, 0.0821610115406878
8, 93, 0.0821996472786823
8, 94, 0.0822537321441173
8, 95, 0.0823232609402917
8, 96, 0.0824082269444797
8, 97, 0.0825086218771514
8, 98, 0.0826244358645381
8, 99, 0.0827556573946483
8, 100, 0.0829022732668592
8, 101, 0.0830642685352338
8, 102, 0.0832416264457252
8, 103, 0.0834343283674515
8, 104, 0.083642353718244
8, 105, 0.0838656798846845
8, 106, 0.0841042821368584
8, 107, 0.0843581335381017
8, 108, 0.0846272048499745
8, 109, 0.0849114644327459
8, 110, 0.0852108781417338
8, 111, 0.0855254092197351
8, 112, 0.0858550181859258
8, 113, 0.0861996627215387
8, 114, 0.0865592975526879
8, 115, 0.0869338743306523
8, 116, 0.087323341510041
8, 117, 0.0877276442251675
8, 118, 0.0881467241650458
8, 119, 0.0885805194473796
8, 120, 0.0890289644919511
8, 121, 0.089491989893798
8, 122, 0.0899695222965918
8, 123, 0.0904614842666216
8, 124, 0.0909677941677779
8, 125, 0.091488366037966
8, 126, 0.0920231094673352
8, 127, 0.0925719294787403
8, 128, 0.0931347264108312
8, 129, 0.0937113958041754
8, 130, 0.0943018282907944
8, 131, 0.0949059094875108
8, 132, 0.0955235198934757
8, 133, 0.0961545347922536
8, 134, 0.0967988241588144
8, 135, 0.0974562525717933
8, 136, 0.0981266791313362
8, 137, 0.0988099573828931
8, 138, 0.0995059352472074
8, 139, 0.100214454956863
8, 140, 0.100935352999618
8, 141, 0.101668460068819
8, 142, 0.102413601021121
8, 143, 0.10317059484175
8, 144, 0.103939254617518
8, 145, 0.104719387517766
8, 146, 0.105510794783423
8, 147, 0.106313271724308
8, 148, 0.107126607724813
8, 149, 0.10795058625808
8, 150, 0.108784984908722
8, 151, 0.1096295754042
8, 152, 0.110484123654838
8, 153, 0.111348389802537
8, 154, 0.112222128278162
8, 155, 0.113105087867567
8, 156, 0.113997011786229
8, 157, 0.114897637762387
8, 158, 0.115806698128626
8, 159, 0.116723919921752
8, 160, 0.117649024990864
8, 161, 0.118581730113415
8, 162, 0.119521747119122
8, 163, 0.12046878302151
8, 164, 0.12142254015689
8, 165, 0.122382716330492
8, 166, 0.123349004969568
8, 167, 0.12432109528314
8, 168, 0.125298672428125
8, 169, 0.126281417681559
8, 170, 0.127269008618571
8, 171, 0.12826111929582
8, 172, 0.129257420440022
8, 173, 0.130257579641252
8, 174, 0.131261261550632
8, 175, 0.13226812808207
8, 176, 0.13327783861766
8, 177, 0.134290050216361
8, 178, 0.13530441782559
8, 179, 0.136320594495322
8, 180, 0.13733823159432
8, 181, 0.138356979028095
8, 182, 0.139376485458218
8, 183, 0.140396398522571
8, 184, 0.141416365056175
8, 185, 0.142436031312187
8, 186, 0.143455043182694
8, 187, 0.144473046418931
8, 188, 0.145489686850549
8, 189, 0.146504610603562
8, 190, 0.147517464316632
8, 191, 0.148527895355335
8, 192, 0.149535552024081
8, 193, 0.15054008377535
8, 194, 0.151541141415935
8, 195, 0.152538377309907
8, 196, 0.153531445577965
8, 197, 0.154520002292956
8, 198, 0.155503705671261
8, 199, 0.156482216259789
8, 200, 0.157455197118412
8, 201, 0.158422313997519
8, 202, 0.159383235510593
8, 203, 0.160337633301544
8, 204, 0.161285182206679
8, 205, 0.162225560411112
8, 206, 0.163158449599519
8, 207, 0.164083535101075
8, 208, 0.165000506028503
8, 209, 0.16590905541112
8, 210, 0.166808880321823
8, 211, 0.167699681997949
8, 212, 0.168581165955982
8, 213, 0.169453042100065
8, 214, 0.17031502482432
8, 215, 0.171166833108988
8, 216, 0.172008190610398
8, 217, 0.172838825744802
8, 218, 0.173658471766139
8, 219, 0.174466866837795
8, 220, 0.175263754098408
8, 221, 0.176048881721838
8, 222, 0.176822002971404
8, 223, 0.177582876248489
8, 224, 0.178331265135644
8, 225, 0.179066938434345
8, 226, 0.179789670197518
8, 227, 0.180499239757028
8, 228, 0.181195431746265
8, 229, 0.181878036118028
8, 230, 0.182546848157861
8, 231, 0.183201668493064
8, 232, 0.183842303097549
8, 233, 0.184468563292749
8, 234, 0.185080265744792
8, 235, 0.185677232458154
8, 236, 0.186259290765986
8, 237, 0.186826273317359
8, 238, 0.187378018061636
8, 239, 0.187914368230184
8, 240, 0.188435172315668
8, 241, 0.188940284049138
8, 242, 0.189429562375142
8, 243, 0.189902871425076
8, 244, 0.190360080489019
8, 245, 0.190801063986231
8, 246, 0.191225701434588
8, 247, 0.191633877419113
8, 248, 0.192025481559862
8, 249, 0.192400408479333
8, 250, 0.19275855776965
8, 251, 0.193099833959655
8, 252, 0.193424146482173
8, 253, 0.193731409641566
8, 254, 0.194021542581844
8, 255, 0.194294469255392
8, 256, 0.194550118392598
8, 257, 0.194788423472472
8, 258, 0.1950093226944
8, 259, 0.195212758951235
8, 260, 0.195398679803803
8, 261, 0.195567037456983
8, 262, 0.195717788737455
8, 263, 0.195850895073248
8, 264, 0.195966322475172
8, 265, 0.196064041520215
8, 266, 0.196144027337004
8, 267, 0.196206259593379
8, 268, 0.196250722486154
8, 269, 0.196277404733096
8, 270, 0.196286299567175
8, 271, 0.196277404733096
8, 272, 0.196250722486154
8, 273, 0.196206259593379
8, 274, 0.196144027337004
8, 275, 0.196064041520215
8, 276, 0.195966322475172
8, 277, 0.195850895073248
8, 278, 0.195717788737454
8, 279, 0.195567037456984
8, 280, 0.195398679803803
8, 281, 0.195212758951235
8, 282, 0.195009322694399
8, 283, 0.194788423472472
8, 284, 0.194550118392598
8, 285, 0.194294469255391
8, 286, 0.194021542581843
8, 287, 0.193731409641567
8, 288, 0.193424146482173
8, 289, 0.193099833959656
8, 290, 0.192758557769651
8, 291, 0.192400408479334
8, 292, 0.192025481559862
8, 293, 0.191633877419113
8, 294, 0.191225701434588
8, 295, 0.190801063986231
8, 296, 0.190360080489019
8, 297, 0.189902871425076
8, 298, 0.189429562375141
8, 299, 0.188940284049138
8, 300, 0.188435172315668
8, 301, 0.187914368230185
8, 302, 0.187378018061636
8, 303, 0.186826273317359
8, 304, 0.186259290765986
8, 305, 0.185677232458154
8, 306, 0.185080265744793
8, 307, 0.184468563292752
8, 308, 0.18384230309755
8, 309, 0.183201668493065
8, 310, 0.182546848157861
8, 311, 0.181878036118027
8, 312, 0.181195431746266
8, 313, 0.180499239757027
8, 314, 0.179789670197517
8, 315, 0.179066938434345
8, 316, 0.178331265135644
8, 317, 0.177582876248487
8, 318, 0.176822002971403
8, 319, 0.176048881721838
8, 320, 0.175263754098408
8, 321, 0.174466866837795
8, 322, 0.173658471766139
8, 323, 0.172838825744801
8, 324, 0.172008190610398
8, 325, 0.171166833108988
8, 326, 0.17031502482432
8, 327, 0.169453042100065
8, 328, 0.168581165955983
8, 329, 0.167699681997949
8, 330, 0.166808880321823
8, 331, 0.16590905541112
8, 332, 0.165000506028502
8, 333, 0.164083535101075
8, 334, 0.163158449599518
8, 335, 0.162225560411112
8, 336, 0.161285182206678
8, 337, 0.160337633301544
8, 338, 0.159383235510593
8, 339, 0.158422313997519
8, 340, 0.157455197118412
8, 341, 0.15648221625979
8, 342, 0.155503705671261
8, 343, 0.154520002292957
8, 344, 0.153531445577965
8, 345, 0.152538377309907
8, 346, 0.151541141415935
8, 347, 0.150540083775348
8, 348, 0.149535552024082
8, 349, 0.148527895355335
8, 350, 0.147517464316631
8, 351, 0.146504610603562
8, 352, 0.145489686850549
8, 353, 0.144473046418931
8, 354, 0.143455043182693
8, 355, 0.142436031312187
8, 356, 0.141416365056176
8, 357, 0.140396398522571
8, 358, 0.139376485458218
8, 359, 0.138356979028095
8, 360, 0.13733823159432
9, 0, 0.137171289745315
9, 1, 0.136028033991921
9, 2, 0.134886580991947
9, 3, 0.133747334031376
9, 4, 0.132610694302237
9, 5, 0.131477060622528
9, 6, 0.130346829158739
9, 7, 0.129220393151543
9, 8, 0.128098142645181
9, 9, 0.126980464221124
9, 10, 0.125867740736521
9, 11, 0.124760351067981
9, 12, 0.123658669861207
9, 13, 0.122563067287008
9, 14, 0.121473908804162
9, 15, 0.120391554929648
9, 16, 0.119316361016682
9, 17, 0.118248677041041
9, 18, 0.117188847396079
9, 19, 0.116137210696865
9, 20, 0.115094099593819
9, 21, 0.11405984059622
9, 22, 0.113034753905926
9, 23, 0.112019153261612
9, 24, 0.111013345793827
9, 25, 0.110017631891113
9, 26, 0.109032305077432
9, 27, 0.108057651901096
9, 28, 0.107093951835357
9, 29, 0.106141477190823
9, 30, 0.105200493039776
9, 31, 0.104271257152494
9, 32, 0.103354019945597
9, 33, 0.102449024442446
9, 34, 0.101556506245556
9, 35, 0.100676693520982
9, 36, 0.0998098069945729
9, 37, 0.0989560599600018
9, 38, 0.0981156582983854
9, 39, 0.0972888005093391
9, 40, 0.0964756777532412
9, 41, 0.095676473904466
9, 42, 0.0948913656153144
9, 43, 0.0941205223903402
9, 44, 0.0933641066707435
9, 45, 0.0926222739284892
9, 46, 0.0918951727697507
9, 47, 0.0911829450472993
9, 48, 0.0904857259814016
9, 49, 0.0898036442887823
9, 50, 0.0891368223191939
9, 51, 0.0884853761990946
9, 52, 0.0878494159819602
9, 53, 0.08722904580469
9, 54, 0.0866243640495925
9, 55, 0.0860354635114137
9, 56, 0.0854624315688428
9, 57, 0.0849053503599614
9, 58, 0.0843642969610454
9, 59, 0.0838393435681659
9, 60, 0.0833305576810111
9, 61, 0.0828380022883491
9, 62, 0.0823617360545625
9, 63, 0.0819018135066727
9, 64, 0.0814582852212875
9, 65, 0.081031198010903
9, 66, 0.0806205951089925
9, 67, 0.0802265163533371
9, 68, 0.0798489983670476
9, 69, 0.0794880747367405
9, 70, 0.0791437761873484
9, 71, 0.0788161307530494
9, 72, 0.0785051639438248
9, 73, 0.0782108989071551
9, 74, 0.0779333565843995
9, 75, 0.0776725558613946
9, 76, 0.077428513712866
9, 77, 0.0772012453402225
9, 78, 0.0769907643023495
9, 79, 0.0767970826390409
9, 80, 0.0766202109867136
9, 81, 0.0764601586860826
9, 82, 0.0763169338815029
9, 83, 0.0761905436116932
9, 84, 0.0760809938915976
9, 85, 0.0759882897851528
9, 86, 0.075912435468764
9, 87, 0.0758534342853123
9, 88, 0.0758112887885478
9, 89, 0.0757860007777432
9, 90, 0.0757775713225154
9, 91, 0.0757860007777433
9, 92, 0.0758112887885479
9, 93, 0.0758534342853122
9, 94, 0.0759124354687638
9, 95, 0.0759882897851529
9, 96, 0.0760809938915978
9, 97, 0.0761905436116933
9, 98, 0.0763169338815024
9, 99, 0.0764601586860828
9, 100, 0.0766202109867136
9, 101, 0.0767970826390409
9, 102, 0.0769907643023498
9, 103, 0.0772012453402228
9, 104, 0.0774285137128662
9, 105, 0.0776725558613941
9, 106, 0.0779333565843994
9, 107, 0.0782108989071552
9, 108, 0.0785051639438247
9, 109, 0.0788161307530495
9, 110, 0.0791437761873478
9, 111, 0.0794880747367406
9, 112, 0.0798489983670479
9, 113, 0.0802265163533368
9, 114, 0.0806205951089924
9, 115, 0.0810311980109032
9, 116, 0.0814582852212875
9, 117, 0.0819018135066728
9, 118, 0.0823617360545623
9, 119, 0.0828380022883492
9, 120, 0.083330557681011
9, 121, 0.0838393435681662
9, 122, 0.0843642969610452
9, 123, 0.0849053503599617
9, 124, 0.0854624315688429
9, 125, 0.0860354635114134
9, 126, 0.086624364049593
9, 127, 0.0872290458046896
9, 128, 0.0878494159819602
9, 129, 0.0884853761990943
9, 130, 0.0891368223191936
9, 131, 0.0898036442887828
9, 132, 0.0904857259814013
9, 133, 0.091182945047299
9, 134, 0.0918951727697504
9, 135, 0.092622273928489
9, 136, 0.0933641066707439
9, 137, 0.0941205223903403
9, 138, 0.0948913656153143
9, 139, 0.0956764739044662
9, 140, 0.0964756777532414
9, 141, 0.0972888005093388
9, 142, 0.0981156582983857
9, 143, 0.0989560599600018
9, 144, 0.0998098069945728
9, 145, 0.100676693520981
9, 146, 0.101556506245556
9, 147, 0.102449024442446
9, 148, 0.103354019945597
9, 149, 0.104271257152493
9, 150, 0.105200493039776
9, 151, 0.106141477190823
9, 152, 0.107093951835358
9, 153, 0.108057651901096
9, 154, 0.109032305077432
9, 155, 0.110017631891113
9, 156, 0.111013345793827
9, 157, 0.112019153261612
9, 158, 0.113034753905925
9, 159, 0.11405984059622
9, 160, 0.115094099593819
9, 161, 0.116137210696865
9, 162, 0.11718884739608
9, 163, 0.118248677041041
9, 164, 0.119316361016682
9, 165, 0.120391554929648
9, 166, 0.121473908804163
9, 167, 0.122563067287008
9, 168, 0.123658669861207
9, 169, 0.124760351067981
9, 170, 0.125867740736522
9, 171, 0.126980464221124
9, 172, 0.12809814264518
9, 173, 0.129220393151543
9, 174, 0.13034682915874
9, 175, 0.131477060622527
9, 176, 0.132610694302237
9, 177, 0.133747334031376
9, 178, 0.134886580991947
9, 179, 0.136028033991922
9, 180, 0.137171289745315
9, 181, 0.138315943154321
9, 182, 0.139461587592931
9, 183, 0.140607815191508
9, 184, 0.141754217121752
9, 185, 0.142900383881522
9, 186, 0.144045905578977
9, 187, 0.14519037221551
9, 188, 0.146333373966967
9, 189, 0.147474501462631
9, 190, 0.148613346061491
9, 191, 0.149749500125322
9, 192, 0.150882557288092
9, 193, 0.152012112721284
9, 194, 0.153137763394665
9, 195, 0.154259108332134
9, 196, 0.155375748862218
9, 197, 0.156487288862869
9, 198, 0.157593335000213
9, 199, 0.158693496960904
9, 200, 0.159787387677794
9, 201, 0.160874623548627
9, 202, 0.161954824647493
9, 203, 0.163027614928811
9, 204, 0.164092622423626
9, 205, 0.165149479428004
9, 206, 0.166197822683409
9, 207, 0.167237293548858
9, 208, 0.168267538164782
9, 209, 0.169288207608462
9, 210, 0.170298958040988
9, 211, 0.171299450845683
9, 212, 0.172289352757957
9, 213, 0.1732683359866
9, 214, 0.17423607832651
9, 215, 0.175192263262917
9, 216, 0.176136580067144
9, 217, 0.17706872388399
9, 218, 0.177988395810828
9, 219, 0.17889530296854
9, 220, 0.179789158564433
9, 221, 0.180669681947267
9, 222, 0.181536598654576
9, 223, 0.182389640452483
9, 224, 0.183228545368171
9, 225, 0.184053057715266
9, 226, 0.184862928112337
9, 227, 0.185657913494751
9, 228, 0.186437777120151
9, 229, 0.187202288567803
9, 230, 0.187951223732095
9, 231, 0.18868436481047
9, 232, 0.189401500286064
9, 233, 0.19010242490538
9, 234, 0.190786939651255
9, 235, 0.191454851711477
9, 236, 0.192105974443309
9, 237, 0.192740127334293
9, 238, 0.193357135959601
9, 239, 0.19395683193628
9, 240, 0.194539052874704
9, 241, 0.195103642327557
9, 242, 0.195650449736653
9, 243, 0.196179330377916
9, 244, 0.196690145304851
9, 245, 0.197182761290788
9, 246, 0.197657050770229
9, 247, 0.198112891779582
9, 248, 0.198550167897608
9, 249, 0.198968768185828
9, 250, 0.19936858712922
9, 251, 0.199749524577449
9, 252, 0.200111485686914
9, 253, 0.200454380863865
9, 254, 0.200778125708855
9, 255, 0.201082640962741
9, 256, 0.201367852454495
9, 257, 0.201633691051025
9, 258, 0.201880092609218
9, 259, 0.202106997930409
9, 260, 0.202314352717466
9, 261, 0.20250210753464
9, 262, 0.202670217770372
9, 263, 0.202818643603178
9, 264, 0.202947349970774
9, 265, 0.203056306542525
9, 266, 0.203145487695371
9, 267, 0.203214872493279
9, 268, 0.203264444670336
9, 269, 0.203294192617516
9, 270, 0.203304109373211
9, 271, 0.203294192617516
9, 272, 0.203264444670337
9, 273, 0.20321487249328
9, 274, 0.203145487695371
9, 275, 0.203056306542525
9, 276, 0.202947349970773
9, 277, 0.202818643603179
9, 278, 0.202670217770372
9, 279, 0.202502107534641
9, 280, 0.202314352717465
9, 281, 0.202106997930409
9, 282, 0.201880092609217
9, 283, 0.201633691051025
9, 284, 0.201367852454496
9, 285, 0.201082640962741
9, 286, 0.200778125708855
9, 287, 0.200454380863865
9, 288, 0.200111485686914
9, 289, 0.199749524577449
9, 290, 0.19936858712922
9, 291, 0.198968768185828
9, 292, 0.198550167897608
9, 293, 0.198112891779582
9, 294, 0.197657050770228
9, 295, 0.197182761290789
9, 296, 0.19669014530485
9, 297, 0.196179330377916
9, 298, 0.195650449736652
9, 299, 0.195103642327558
9, 300, 0.194539052874704
9, 301, 0.19395683193628
9, 302, 0.193357135959601
9, 303, 0.192740127334294
9, 304, 0.192105974443309
9, 305, 0.191454851711477
9, 306, 0.190786939651255
9, 307, 0.19010242490538
9, 308, 0.189401500286065
9, 309, 0.18868436481047
9, 310, 0.187951223732095
9, 311, 0.187202288567804
9, 312, 0.186437777120151
9, 313, 0.185657913494751
9, 314, 0.184862928112337
9, 315, 0.184053057715266
9, 316, 0.183228545368171
9, 317, 0.182389640452483
9, 318, 0.181536598654577
9, 319, 0.180669681947266
9, 320, 0.179789158564433
9, 321, 0.17889530296854
9, 322, 0.177988395810828
9, 323, 0.17706872388399
9, 324, 0.176136580067144
9, 325, 0.175192263262916
9, 326, 0.17423607832651
9, 327, 0.173268335986599
9, 328, 0.172289352757957
9, 329, 0.171299450845683
9, 330, 0.170298958040988
9, 331, 0.169288207608461
9, 332, 0.168267538164783
9, 333, 0.167237293548858
9, 334, 0.166197822683409
9, 335, 0.165149479428004
9, 336, 0.164092622423626
9, 337, 0.163027614928811
9, 338, 0.161954824647494
9, 339, 0.160874623548627
9, 340, 0.159787387677795
9, 341, 0.158693496960904
9, 342, 0.157593335000213
9, 343, 0.156487288862869
9, 344, 0.155375748862217
9, 345, 0.154259108332134
9, 346, 0.153137763394665
9, 347, 0.152012112721284
9, 348, 0.150882557288093
9, 349, 0.149749500125322
9, 350, 0.148613346061492
9, 351, 0.14747450146263
9, 352, 0.146333373966967
9, 353, 0.14519037221551
9, 354, 0.144045905578976
9, 355, 0.142900383881523
9, 356, 0.141754217121752
9, 357, 0.140607815191508
9, 358, 0.139461587592931
9, 359, 0.138315943154321
9, 360, 0.137171289745315
10, 0, 0.136983268002329
10, 1, 0.135714987421935
10, 2, 0.134448885892867
10, 3, 0.13318542510819
10, 4, 0.131925064218031
10, 5, 0.130668259472716
10, 6, 0.129415463868966
10, 7, 0.12816712679994
10, 8, 0.12692369370987
10, 9, 0.125685605754039
10, 10, 0.124453299464865
10, 11, 0.12322720642481
10, 12, 0.122007752946861
10, 13, 0.120795359763282
10, 14, 0.119590441723337
10, 15, 0.118393407500658
10, 16, 0.117204659310908
10, 17, 0.116024592640387
10, 18, 0.114853595986155
10, 19, 0.113692050608273
10, 20, 0.112540330294701
10, 21, 0.11139880113935
10, 22, 0.110267821333788
10, 23, 0.109147740973023
10, 24, 0.108038901875783
10, 25, 0.106941637419642
10, 26, 0.105856272391328
10, 27, 0.104783122852485
10, 28, 0.103722496021143
10, 29, 0.10267469016907
10, 30, 0.101639994535175
10, 31, 0.100618689255068
10, 32, 0.0996110453068106
10, 33, 0.0986173244729091
10, 34, 0.0976377793185042
10, 35, 0.0966726531856508
10, 36, 0.095722180203622
10, 37, 0.0947865853150207
10, 38, 0.0938660843175114
10, 39, 0.0929608839209045
10, 40, 0.0920711818193152
10, 41, 0.091197166778026
10, 42, 0.0903390187346993
10, 43, 0.0894969089145095
10, 44, 0.0886709999587361
10, 45, 0.0878614460663351
10, 46, 0.0870683931479434
10, 47, 0.0862919789917879
10, 48, 0.0855323334408658
10, 49, 0.0847895785808221
10, 50, 0.0840638289378483
10, 51, 0.0833551916859554
10, 52, 0.0826637668629069
10, 53, 0.0819896475941277
10, 54, 0.0813329203238396
10, 55, 0.0806936650526916
10, 56, 0.080071955581125
10, 57, 0.079467859757709
10, 58, 0.0788814397316688
10, 59, 0.0783127522088249
10, 60, 0.0777618487101765
10, 61, 0.0772287758323086
10, 62, 0.0767135755088758
10, 63, 0.0762162852723546
10, 64, 0.0757369385153064
10, 65, 0.0752755647503698
10, 66, 0.0748321898682262
10, 67, 0.0744068363927985
10, 68, 0.0739995237329334
10, 69, 0.0736102684298633
10, 70, 0.0732390843997305
10, 71, 0.0728859831705023
10, 72, 0.0725509741125955
10, 73, 0.0722340646625929
10, 74, 0.0719352605393983
10, 75, 0.0716545659522653
10, 76, 0.0713919838001109
10, 77, 0.0711475158615697
10, 78, 0.0709211629752879
10, 79, 0.0707129252099529
10, 80, 0.0705228020236086
10, 81, 0.0703507924118319
10, 82, 0.0701968950443671
10, 83, 0.0700611083898634
10, 84, 0.069943430828379
10, 85, 0.0698438607513527
10, 86, 0.0697623966487904
10, 87, 0.0696990371834196
10, 88, 0.0696537812516379
10, 89, 0.0696266280310734
10, 90, 0.0696175770146526
10, 91, 0.0696266280310736
10, 92, 0.0696537812516381
10, 93, 0.0696990371834195
10, 94, 0.0697623966487902
10, 95, 0.0698438607513526
10, 96, 0.069943430828379
10, 97, 0.0700611083898637
10, 98, 0.0701968950443673
10, 99, 0.0703507924118318
10, 100, 0.0705228020236086
10, 101, 0.0707129252099528
10, 102, 0.070921162975288
10, 103, 0.0711475158615696
10, 104, 0.0713919838001106
10, 105, 0.0716545659522656
10, 106, 0.0719352605393983
10, 107, 0.0722340646625927
10, 108, 0.0725509741125955
10, 109, 0.0728859831705023
10, 110, 0.073239084399731
10, 111, 0.073610268429863
10, 112, 0.0739995237329334
10, 113, 0.0744068363927985
10, 114, 0.0748321898682263
10, 115, 0.0752755647503698
10, 116, 0.0757369385153067
10, 117, 0.0762162852723546
10, 118, 0.0767135755088759
10, 119, 0.0772287758323087
10, 120, 0.0777618487101767
10, 121, 0.0783127522088243
10, 122, 0.0788814397316686
10, 123, 0.0794678597577088
10, 124, 0.0800719555811249
10, 125, 0.0806936650526915
10, 126, 0.0813329203238397
10, 127, 0.0819896475941279
10, 128, 0.082663766862907
10, 129, 0.0833551916859553
10, 130, 0.0840638289378487
10, 131, 0.0847895785808216
10, 132, 0.0855323334408673
10, 133, 0.0862919789917878
10, 134, 0.0870683931479432
10, 135, 0.0878614460663348
10, 136, 0.0886709999587361
10, 137, 0.0894969089145092
10, 138, 0.0903390187346993
10, 139, 0.0911971667780261
10, 140, 0.0920711818193152
10, 141, 0.0929608839209044
10, 142, 0.0938660843175106
10, 143, 0.0947865853150213
10, 144, 0.0957221802036221
10, 145, 0.0966726531856508
10, 146, 0.0976377793185036
10, 147, 0.0986173244729091
10, 148, 0.0996110453068113
10, 149, 0.100618689255068
10, 150, 0.101639994535175
10, 151, 0.10267469016907
10, 152, 0.103722496021143
10, 153, 0.104783122852485
10, 154, 0.105856272391328
10, 155, 0.106941637419642
10, 156, 0.108038901875783
10, 157, 0.109147740973022
10, 158, 0.110267821333788
10, 159, 0.11139880113935
10, 160, 0.112540330294701
10, 161, 0.113692050608273
10, 162, 0.114853595986155
10, 163, 0.116024592640387
10, 164, 0.117204659310908
10, 165, 0.118393407500657
10, 166, 0.119590441723337
10, 167, 0.120795359763281
10, 168, 0.12200775294686
10, 169, 0.12322720642481
10, 170, 0.124453299464865
10, 171, 0.125685605754039
10, 172, 0.12692369370987
10, 173, 0.12816712679994
10, 174, 0.129415463868966
10, 175, 0.130668259472717
10, 176, 0.131925064218031
10, 177, 0.13318542510819
10, 178, 0.134448885892867
10, 179, 0.135714987421935
10, 180, 0.136983268002328
10, 181, 0.138253263757219
10, 182, 0.139524508986748
10, 183, 0.140796536529551
10, 184, 0.142068878124336
10, 185, 0.143341064770777
10, 186, 0.144612627088993
10, 187, 0.145883095676905
10, 188, 0.147152001464779
10, 189, 0.148418876066264
10, 190, 0.14968325212529
10, 191, 0.150944663658149
10, 192, 0.152202646390198
10, 193, 0.153456738086543
10, 194, 0.154706478876172
10, 195, 0.155951411568976
10, 196, 0.157191081965177
10, 197, 0.158425039156645
10, 198, 0.159652835819684
10, 199, 0.160874028498854
10, 200, 0.16208817788143
10, 201, 0.163294849062165
10, 202, 0.164493611798002
10, 203, 0.165684040752468
10, 204, 0.166865715729472
10, 205, 0.168038221896292
10, 206, 0.169201149995547
10, 207, 0.170354096546
10, 208, 0.171496664032059
10, 209, 0.172628461081875
10, 210, 0.173749102633979
10, 211, 0.174858210092424
10, 212, 0.175955411470419
10, 213, 0.177040341522484
10, 214, 0.178112641865211
10, 215, 0.179171961086649
10, 216, 0.180217954844494
10, 217, 0.181250285953198
10, 218, 0.182268624460136
10, 219, 0.183272647711058
10, 220, 0.184262040405019
10, 221, 0.185236494639032
10, 222, 0.186195709942681
10, 223, 0.187139393303002
10, 224, 0.188067259179906
10, 225, 0.18897902951246
10, 226, 0.189874433716363
10, 227, 0.190753208672977
10, 228, 0.19161509871023
10, 229, 0.192459855575818
10, 230, 0.193287238403054
10, 231, 0.194097013669771
10, 232, 0.194888955150693
10, 233, 0.195662843863676
10, 234, 0.196418468010227
10, 235, 0.197155622910768
10, 236, 0.197874110935013
10, 237, 0.198573741427959
10, 238, 0.199254330631861
10, 239, 0.199915701604671
10, 240, 0.200557684135365
10, 241, 0.201180114656578
10, 242, 0.201782836154993
10, 243, 0.202365698079904
10, 244, 0.202928556250393
10, 245, 0.203471272761507
10, 246, 0.203993715889884
10, 247, 0.204495759999203
10, 248, 0.204977285445874
10, 249, 0.205438178485342
10, 250, 0.20587833117939
10, 251, 0.206297641304816
10, 252, 0.206696012263815
10, 253, 0.20707335299644
10, 254, 0.207429577895455
10, 255, 0.207764606723899
10, 256, 0.208078364535675
10, 257, 0.208370781599443
10, 258, 0.208641793326103
10, 259, 0.208891340200114
10, 260, 0.209119367714907
10, 261, 0.209325826312605
10, 262, 0.209510671328279
10, 263, 0.209673862938905
10, 264, 0.209815366117233
10, 265, 0.209935150590696
10, 266, 0.210033190805518
10, 267, 0.210109465896129
10, 268, 0.210163959660013
10, 269, 0.210196660538041
10, 270, 0.210207561600383
10, 271, 0.210196660538041
10, 272, 0.210163959660013
10, 273, 0.21010946589613
10, 274, 0.210033190805517
10, 275, 0.209935150590696
10, 276, 0.209815366117233
10, 277, 0.209673862938905
10, 278, 0.209510671328279
10, 279, 0.209325826312605
10, 280, 0.209119367714906
10, 281, 0.208891340200114
10, 282, 0.208641793326103
10, 283, 0.208370781599444
10, 284, 0.208078364535675
10, 285, 0.2077646067239
10, 286, 0.207429577895456
10, 287, 0.207073352996441
10, 288, 0.206696012263814
10, 289, 0.206297641304815
10, 290, 0.20587833117939
10, 291, 0.205438178485342
10, 292, 0.204977285445875
10, 293, 0.204495759999203
10, 294, 0.203993715889884
10, 295, 0.203471272761507
10, 296, 0.202928556250393
10, 297, 0.202365698079905
10, 298, 0.201782836154993
10, 299, 0.201180114656579
10, 300, 0.200557684135365
10, 301, 0.19991570160467
10, 302, 0.19925433063186
10, 303, 0.198573741427959
10, 304, 0.197874110935013
10, 305, 0.197155622910768
10, 306, 0.196418468010227
10, 307, 0.195662843863676
10, 308, 0.194888955150693
10, 309, 0.19409701366977
10, 310, 0.193287238403053
10, 311, 0.192459855575818
10, 312, 0.191615098710231
10, 313, 0.190753208672978
10, 314, 0.189874433716363
10, 315, 0.188979029512461
10, 316, 0.188067259179906
10, 317, 0.187139393303002
10, 318, 0.186195709942681
10, 319, 0.185236494639032
10, 320, 0.184262040405019
10, 321, 0.183272647711058
10, 322, 0.182268624460136
10, 323, 0.181250285953198
10, 324, 0.180217954844494
10, 325, 0.179171961086648
10, 326, 0.178112641865212
10, 327, 0.177040341522484
10, 328, 0.175955411470417
10, 329, 0.174858210092424
10, 330, 0.173749102633979
10, 331, 0.172628461081875
10, 332, 0.171496664032059
10, 333, 0.170354096546
10, 334, 0.169201149995546
10, 335, 0.168038221896291
10, 336, 0.166865715729471
10, 337, 0.165684040752468
10, 338, 0.164493611798002
10, 339, 0.163294849062165
10, 340, 0.162088177881429
10, 341, 0.160874028498853
10, 342, 0.159652835819684
10, 343, 0.158425039156644
10, 344, 0.157191081965178
10, 345, 0.155951411568976
10, 346, 0.154706478876172
10, 347, 0.153456738086543
10, 348, 0.152202646390198
10, 349, 0.150944663658148
10, 350, 0.14968325212529
10, 351, 0.148418876066265
10, 352, 0.147152001464779
10, 353, 0.145883095676905
10, 354, 0.144612627088994
10, 355, 0.143341064770777
10, 356, 0.142068878124336
10, 357, 0.140796536529551
10, 358, 0.139524508986748
10, 359, 0.13825326375722
10, 360, 0.136983268002328
11, 0, 0.136773652331585
11, 1, 0.13538102897706
11, 2, 0.13399099417546
11, 3, 0.132604072093979
11, 4, 0.131220783876626
11, 5, 0.129841647196283
11, 6, 0.128467175810263
11, 7, 0.127097879120372
11, 8, 0.125734261738506
11, 9, 0.124376823058798
11, 10, 0.123026056837314
11, 11, 0.121682450780298
11, 12, 0.120346486141956
11, 13, 0.119018637332724
11, 14, 0.117699371538988
11, 15, 0.116389148355137
11, 16, 0.115088419428878
11, 17, 0.11379762812064
11, 18, 0.112517209177889
11, 19, 0.111247588425169
11, 20, 0.109989182470567
11, 21, 0.108742398429334
11, 22, 0.107507633665305
11, 23, 0.106285275550715
11, 24, 0.10507570124497
11, 25, 0.103879277492872
11, 26, 0.102696360442732
11, 27, 0.101527295484773
11, 28, 0.100372417110135
11, 29, 0.0992320487907528
11, 30, 0.098106502880325
11, 31, 0.0969960805364964
11, 32, 0.0959010716643609
11, 33, 0.0948217548812818
11, 34, 0.093758397503002
11, 35, 0.0927112555509329
11, 36, 0.0916805737804485
11, 37, 0.0906665857299666
11, 38, 0.089669513790519
11, 39, 0.0886895692954604
11, 40, 0.0877269526299184
11, 41, 0.0867818533595059
11, 42, 0.085854450377796
11, 43, 0.0849449120719701
11, 44, 0.084053396506028
11, 45, 0.0831800516208946
11, 46, 0.0823250154506938
11, 47, 0.081488416354445
11, 48, 0.0806703732623783
11, 49, 0.0798709959360295
11, 50, 0.0790903852412545
11, 51, 0.0783286334332511
11, 52, 0.0775858244526654
11, 53, 0.0768620342318264
11, 54, 0.0761573310101322
11, 55, 0.0754717756575969
11, 56, 0.0748054220055376
11, 57, 0.0741583171833951
11, 58, 0.0735305019606434
11, 59, 0.0729220110927585
11, 60, 0.0723328736702043
11, 61, 0.0717631134693983
11, 62, 0.0712127493046233
11, 63, 0.0706817953798476
11, 64, 0.070170261639448
11, 65, 0.0696781541168092
11, 66, 0.0692054752798251
11, 67, 0.068752224372311
11, 68, 0.0683183977503737
11, 69, 0.0679039892128071
11, 70, 0.0675089903245966
11, 71, 0.0671333907326503
11, 72, 0.0667771784728906
11, 73, 0.0664403402678928
11, 74, 0.0661228618142553
11, 75, 0.0658247280589462
11, 76, 0.0655459234638987
11, 77, 0.0652864322581495
11, 78, 0.065046238676871
11, 79, 0.0648253271866751
11, 80, 0.0646236826965985
11, 81, 0.0644412907542455
11, 82, 0.0642781377265638
11, 83, 0.0641342109648152
11, 84, 0.0640094989533066
11, 85, 0.063903991441516
11, 86, 0.0638176795592785
11, 87, 0.0637505559147385
11, 88, 0.0637026146748323
11, 89, 0.0636738516280908
11, 90, 0.0636642642296126
11, 91, 0.0636738516280907
11, 92, 0.0637026146748324
11, 93, 0.0637505559147384
11, 94, 0.0638176795592784
11, 95, 0.063903991441516
11, 96, 0.0640094989533065
11, 97, 0.0641342109648152
11, 98, 0.0642781377265639
11, 99, 0.0644412907542454
11, 100, 0.0646236826965982
11, 101, 0.0648253271866749
11, 102, 0.0650462386768714
11, 103, 0.0652864322581495
11, 104, 0.065545923463899
11, 105, 0.0658247280589461
11, 106, 0.0661228618142552
11, 107, 0.0664403402678927
11, 108, 0.0667771784728908
11, 109, 0.0671333907326502
11, 110, 0.0675089903245966
11, 111, 0.067903989212807
11, 112, 0.0683183977503735
11, 113, 0.0687522243723109
11, 114, 0.0692054752798251
11, 115, 0.069678154116809
11, 116, 0.0701702616394477
11, 117, 0.0706817953798479
11, 118, 0.0712127493046234
11, 119, 0.0717631134693984
11, 120, 0.072332873670204
11, 121, 0.0729220110927582
11, 122, 0.0735305019606433
11, 123, 0.074158317183395
11, 124, 0.0748054220055377
11, 125, 0.0754717756575967
11, 126, 0.0761573310101323
11, 127, 0.0768620342318262
11, 128, 0.0775858244526655
11, 129, 0.0783286334332511
11, 130, 0.0790903852412545
11, 131, 0.0798709959360294
11, 132, 0.0806703732623782
11, 133, 0.0814884163544452
11, 134, 0.0823250154506941
11, 135, 0.0831800516208943
11, 136, 0.084053396506028
11, 137, 0.0849449120719697
11, 138, 0.0858544503777959
11, 139, 0.0867818533595056
11, 140, 0.0877269526299179
11, 141, 0.0886895692954605
11, 142, 0.0896695137905188
11, 143, 0.0906665857299669
11, 144, 0.0916805737804483
11, 145, 0.0927112555509331
11, 146, 0.0937583975030021
11, 147, 0.0948217548812822
11, 148, 0.095901071664361
11, 149, 0.0969960805364963
11, 150, 0.0981065028803248
11, 151, 0.0992320487907531
11, 152, 0.100372417110135
11, 153, 0.101527295484773
11, 154, 0.102696360442732
11, 155, 0.103879277492871
11, 156, 0.10507570124497
11, 157, 0.106285275550714
11, 158, 0.107507633665304
11, 159, 0.108742398429334
11, 160, 0.109989182470567
11, 161, 0.111247588425169
11, 162, 0.112517209177889
11, 163, 0.11379762812064
11, 164, 0.115088419428879
11, 165, 0.116389148355137
11, 166, 0.117699371538987
11, 167, 0.119018637332724
11, 168, 0.120346486141955
11, 169, 0.121682450780298
11, 170, 0.123026056837314
11, 171, 0.124376823058799
11, 172, 0.125734261738506
11, 173, 0.127097879120372
11, 174, 0.128467175810263
11, 175, 0.129841647196283
11, 176, 0.131220783876626
11, 177, 0.132604072093979
11, 178, 0.13399099417546
11, 179, 0.135381028977059
11, 180, 0.136773652331585
11, 181, 0.138168337499066
11, 182, 0.139564555618636
11, 183, 0.140961776160864
11, 184, 0.142359467379561
11, 185, 0.143757096762078
11, 186, 0.145154131477147
11, 187, 0.146550038819308
11, 188, 0.147944286649047
11, 189, 0.149336343827722
11, 190, 0.150725680646431
11, 191, 0.152111769248006
11, 192, 0.153494084041322
11, 193, 0.154872102107177
11, 194, 0.156245303595002
11, 195, 0.157613172109723
11, 196, 0.158975195088146
11, 197, 0.160330864164218
11, 198, 0.161679675522641
11, 199, 0.163021130240297
11, 200, 0.164354734615001
11, 201, 0.165680000481163
11, 202, 0.166996445511949
11, 203, 0.168303593507602
11, 204, 0.169600974669637
11, 205, 0.17088812586061
11, 206, 0.172164590849291
11, 207, 0.173429920541043
11, 208, 0.174683673193282
11, 209, 0.175925414615952
11, 210, 0.177154718356938
11, 211, 0.178371165872452
11, 212, 0.179574346682394
11, 213, 0.180763858510798
11, 214, 0.181939307411449
11, 215, 0.183100307878844
11, 216, 0.184246482944671
11, 217, 0.185377464260032
11, 218, 0.18649289216366
11, 219, 0.187592415736419
11, 220, 0.188675692842406
11, 221, 0.189742390156975
11, 222, 0.190792183182093
11, 223, 0.191824756249365
11, 224, 0.192839802511221
11, 225, 0.193837023920616
11, 226, 0.194816131199782
11, 227, 0.195776843798461
11, 228, 0.196718889842129
11, 229, 0.197642006070719
11, 230, 0.198545937768368
11, 231, 0.199430438684719
11, 232, 0.200295270948316
11, 233, 0.201140204972668
11, 234, 0.201965019355516
11, 235, 0.202769500771874
11, 236, 0.203553443861429
11, 237, 0.204316651110855
11, 238, 0.205058932731618
11, 239, 0.205780106533841
11, 240, 0.206479997796814
11, 241, 0.207158439136695
11, 242, 0.207815270371965
11, 243, 0.208450338387226
11, 244, 0.209063496995838
11, 245, 0.209654606801992
11, 246, 0.210223535062701
11, 247, 0.210770155550264
11, 248, 0.211294348415702
11, 249, 0.211796000053661
11, 250, 0.212275002969269
11, 251, 0.212731255647415
11, 252, 0.213164662424907
11, 253, 0.21357513336595
11, 254, 0.213962584141348
11, 255, 0.214326935911871
11, 256, 0.214668115216131
11, 257, 0.214986053863368
11, 258, 0.215280688831472
11, 259, 0.215551962170584
11, 260, 0.215799820912574
11, 261, 0.216024216986689
11, 262, 0.216225107141635
11, 263, 0.216402452874328
11, 264, 0.216556220365558
11, 265, 0.216686380422739
11, 266, 0.216792908429931
11, 267, 0.216875784305303
11, 268, 0.216934992466138
11, 269, 0.216970521801515
11, 270, 0.216982365652728
11, 271, 0.216970521801515
11, 272, 0.216934992466139
11, 273, 0.216875784305302
11, 274, 0.216792908429931
11, 275, 0.21668638042274
11, 276, 0.216556220365558
11, 277, 0.216402452874328
11, 278, 0.216225107141634
11, 279, 0.21602421698669
11, 280, 0.215799820912574
11, 281, 0.215551962170584
11, 282, 0.215280688831472
11, 283, 0.214986053863367
11, 284, 0.214668115216131
11, 285, 0.21432693591187
11, 286, 0.213962584141349
11, 287, 0.21357513336595
11, 288, 0.213164662424908
11, 289, 0.212731255647415
11, 290, 0.212275002969269
11, 291, 0.211796000053661
11, 292, 0.211294348415702
11, 293, 0.210770155550263
11, 294, 0.210223535062702
11, 295, 0.209654606801993
11, 296, 0.209063496995837
11, 297, 0.208450338387224
11, 298, 0.207815270371965
11, 299, 0.207158439136694
11, 300, 0.206479997796815
11, 301, 0.205780106533841
11, 302, 0.205058932731617
11, 303, 0.204316651110855
11, 304, 0.20355344386143
11, 305, 0.202769500771875
11, 306, 0.201965019355516
11, 307, 0.201140204972668
11, 308, 0.200295270948315
11, 309, 0.199430438684719
11, 310, 0.198545937768368
11, 311, 0.197642006070719
11, 312, 0.196718889842129
11, 313, 0.195776843798461
11, 314, 0.194816131199781
11, 315, 0.193837023920616
11, 316, 0.192839802511221
11, 317, 0.191824756249365
11, 318, 0.190792183182092
11, 319, 0.189742390156975
11, 320, 0.188675692842405
11, 321, 0.187592415736419
11, 322, 0.18649289216366
11, 323, 0.185377464260032
11, 324, 0.184246482944672
11, 325, 0.183100307878844
11, 326, 0.181939307411449
11, 327, 0.180763858510798
11, 328, 0.179574346682394
11, 329, 0.178371165872452
11, 330, 0.177154718356937
11, 331, 0.175925414615951
11, 332, 0.174683673193281
11, 333, 0.173429920541043
11, 334, 0.172164590849292
11, 335, 0.170888125860611
11, 336, 0.169600974669637
11, 337, 0.168303593507603
11, 338, 0.166996445511948
11, 339, 0.165680000481163
11, 340, 0.164354734615001
11, 341, 0.163021130240297
11, 342, 0.161679675522641
11, 343, 0.160330864164218
11, 344, 0.158975195088146
11, 345, 0.157613172109723
11, 346, 0.156245303595001
11, 347, 0.154872102107176
11, 348, 0.153494084041322
11, 349, 0.152111769248005
11, 350, 0.150725680646431
11, 351, 0.149336343827722
11, 352, 0.147944286649047
11, 353, 0.146550038819307
11, 354, 0.145154131477146
11, 355, 0.143757096762079
11, 356, 0.142359467379561
11, 357, 0.140961776160864
11, 358, 0.139564555618636
11, 359, 0.138168337499067
11, 360, 0.136773652331585
12, 0, 0.136541858064397
12, 1, 0.135025669439985
12, 2, 0.133512511218851
12, 3, 0.13200297438945
12, 4, 0.130497646411377
12, 5, 0.128997110660772
12, 6, 0.127501945879556
12, 7, 0.126012725629834
12, 8, 0.12453001775478
12, 9, 0.123054383847341
12, 10, 0.121586378728128
12, 11, 0.120126549933725
12, 12, 0.118675437216817
12, 13, 0.117233572059297
12, 14, 0.115801477199715
12, 15, 0.114379666176187
12, 16, 0.112968642885997
12, 17, 0.11156890116303
12, 18, 0.110180924374094
12, 19, 0.108805185035222
12, 20, 0.107442144448911
12, 21, 0.106092252363237
12, 22, 0.104755946653716
12, 23, 0.103433653028744
12, 24, 0.102125784759301
12, 25, 0.100832742433635
12, 26, 0.0995549137374893
12, 27, 0.098292673260398
12, 28, 0.0970463823284995
12, 29, 0.095816388864183
12, 30, 0.0946030272729103
12, 31, 0.0934066183573266
12, 32, 0.092227469258844
12, 33, 0.0910658734266633
12, 34, 0.0899221106142134
12, 35, 0.0887964469028345
12, 36, 0.0876891347525015
12, 37, 0.0866004130792807
12, 38, 0.0855305073590991
12, 39, 0.0844796297573944
12, 40, 0.0834479792840801
12, 41, 0.0824357419732089
12, 42, 0.0814430910866466
12, 43, 0.0804701873409762
12, 44, 0.0795171791568432
12, 45, 0.0785842029297984
12, 46, 0.0776713833217339
12, 47, 0.0767788335718775
12, 48, 0.0759066558262975
12, 49, 0.0750549414848172
12, 50, 0.0742237715641845
12, 51, 0.0734132170762966
12, 52, 0.0726233394202874
12, 53, 0.0718541907871921
12, 54, 0.0711058145759301
12, 55, 0.0703782458192962
12, 56, 0.0696715116186399
12, 57, 0.0689856315859208
12, 58, 0.0683206182917648
12, 59, 0.0676764777182101
12, 60, 0.067053209714791
12, 61, 0.0664508084566048
12, 62, 0.0658692629030526
12, 63, 0.0653085572558991
12, 64, 0.0647686714154034
12, 65, 0.0642495814331529
12, 66, 0.0637512599604239
12, 67, 0.0632736766907485
12, 68, 0.0628167987955351
12, 69, 0.0623805913515245
12, 70, 0.061965017758943
12, 71, 0.061570040149262
12, 72, 0.0611956197814345
12, 73, 0.0608417174256381
12, 74, 0.0605082937334777
12, 75, 0.0601953095937319
12, 76, 0.0599027264727099
12, 77, 0.0596305067383843
12, 78, 0.0593786139674715
12, 79, 0.0591470132346896
12, 80, 0.058935671383517
12, 81, 0.0587445572777211
12, 82, 0.0585736420331217
12, 83, 0.0584228992289505
12, 84, 0.0582923050983751
12, 85, 0.058181838697649
12, 86, 0.0580914820535578
12, 87, 0.0580212202887648
12, 88, 0.0579710417247682
12, 89, 0.0579409379622324
12, 90, 0.0579309039385181
12, 91, 0.0579409379622324
12, 92, 0.0579710417247679
12, 93, 0.0580212202887646
12, 94, 0.0580914820535577
12, 95, 0.0581818386976488
12, 96, 0.0582923050983753
12, 97, 0.0584228992289505
12, 98, 0.058573642033122
12, 99, 0.0587445572777212
12, 100, 0.0589356713835172
12, 101, 0.0591470132346895
12, 102, 0.0593786139674713
12, 103, 0.0596305067383843
12, 104, 0.0599027264727096
12, 105, 0.0601953095937318
12, 106, 0.0605082937334779
12, 107, 0.0608417174256382
12, 108, 0.0611956197814349
12, 109, 0.061570040149262
12, 110, 0.0619650177589429
12, 111, 0.0623805913515245
12, 112, 0.0628167987955353
12, 113, 0.0632736766907486
12, 114, 0.0637512599604237
12, 115, 0.0642495814331531
12, 116, 0.0647686714154034
12, 117, 0.0653085572558992
12, 118, 0.0658692629030525
12, 119, 0.0664508084566047
12, 120, 0.0670532097147908
12, 121, 0.0676764777182102
12, 122, 0.0683206182917649
12, 123, 0.0689856315859208
12, 124, 0.0696715116186402
12, 125, 0.0703782458192961
12, 126, 0.0711058145759299
12, 127, 0.0718541907871921
12, 128, 0.0726233394202874
12, 129, 0.0734132170762966
12, 130, 0.0742237715641842
12, 131, 0.075054941484817
12, 132, 0.0759066558262974
12, 133, 0.076778833571876
12, 134, 0.0776713833217342
12, 135, 0.0785842029297987
12, 136, 0.0795171791568432
12, 137, 0.0804701873409763
12, 138, 0.0814430910866466
12, 139, 0.0824357419732089
12, 140, 0.0834479792840798
12, 141, 0.0844796297573949
12, 142, 0.0855305073590992
12, 143, 0.0866004130792812
12, 144, 0.0876891347525017
12, 145, 0.0887964469028349
12, 146, 0.0899221106142136
12, 147, 0.0910658734266631
12, 148, 0.0922274692588443
12, 149, 0.0934066183573261
12, 150, 0.0946030272729097
12, 151, 0.095816388864183
12, 152, 0.0970463823285
12, 153, 0.0982926732603978
12, 154, 0.099554913737489
12, 155, 0.100832742433635
12, 156, 0.102125784759301
12, 157, 0.103433653028744
12, 158, 0.104755946653716
12, 159, 0.106092252363237
12, 160, 0.107442144448911
12, 161, 0.108805185035222
12, 162, 0.110180924374093
12, 163, 0.11156890116303
12, 164, 0.112968642885998
12, 165, 0.114379666176187
12, 166, 0.115801477199715
12, 167, 0.117233572059297
12, 168, 0.118675437216817
12, 169, 0.120126549933726
12, 170, 0.121586378728128
12, 171, 0.123054383847342
12, 172, 0.12453001775478
12, 173, 0.126012725629833
12, 174, 0.127501945879556
12, 175, 0.128997110660772
12, 176, 0.130497646411379
12, 177, 0.13200297438945
12, 178, 0.133512511218851
12, 179, 0.135025669439985
12, 180, 0.136541858064397
12, 181, 0.138060483131842
12, 182, 0.13958094826854
12, 183, 0.141102655245301
12, 184, 0.142625004534247
12, 185, 0.144147395862845
12, 186, 0.145669228764037
12, 187, 0.147189903121281
12, 188, 0.148708819707287
12, 189, 0.150225380715349
12, 190, 0.151738990282191
12, 191, 0.153249055001237
12, 192, 0.154754984425364
12, 193, 0.156256191558095
12, 194, 0.157752093332446
12, 195, 0.159242111076451
12, 196, 0.160725670964663
12, 197, 0.162202204454828
12, 198, 0.163671148709069
12, 199, 0.165131946998958
12, 200, 0.166584049093873
12, 201, 0.168026911632155
12, 202, 0.169459998474579
12, 203, 0.170882781039792
12, 204, 0.172294738621302
12, 205, 0.173695358685812
12, 206, 0.175084137152629
12, 207, 0.176460578653986
12, 208, 0.177824196776202
12, 209, 0.179174514281543
12, 210, 0.180511063310891
12, 211, 0.181833385567154
12, 212, 0.183141032479616
12, 213, 0.184433565349312
12, 214, 0.185710555475649
12, 215, 0.186971584264511
12, 216, 0.188216243318138
12, 217, 0.189444134507117
12, 218, 0.190654870024822
12, 219, 0.191848072424741
12, 220, 0.193023374641136
12, 221, 0.194180419993476
12, 222, 0.195318862175202
12, 223, 0.196438365227312
12, 224, 0.197538603497388
12, 225, 0.198619261584598
12, 226, 0.199680034271336
12, 227, 0.200720626442098
12, 228, 0.201740752990289
12, 229, 0.202740138713589
12, 230, 0.20371851819859
12, 231, 0.204675635695404
12, 232, 0.205611244982929
12, 233, 0.206525109225518
12, 234, 0.20741700082175
12, 235, 0.208286701246039
12, 236, 0.209134000883827
12, 237, 0.209958698861062
12, 238, 0.210760602868729
12, 239, 0.211539528983103
12, 240, 0.212295301482536
12, 241, 0.213027752661401
12, 242, 0.213736722641973
12, 243, 0.21442205918489
12, 244, 0.215083617498967
12, 245, 0.215721260050928
12, 246, 0.216334856375832
12, 247, 0.216924282888765
12, 248, 0.21748942269848
12, 249, 0.218030165423579
12, 250, 0.218546407011844
12, 251, 0.219038049563326
12, 252, 0.219505001157684
12, 253, 0.219947175686414
12, 254, 0.220364492690399
12, 255, 0.220756877203337
12, 256, 0.22112425960149
12, 257, 0.221466575460226
12, 258, 0.22178376541777
12, 259, 0.222075775046555
12, 260, 0.222342554732598
12, 261, 0.222584059563174
12, 262, 0.222800249223192
12, 263, 0.222991087900511
12, 264, 0.22315654420051
12, 265, 0.223296591070108
12, 266, 0.223411205731509
12, 267, 0.223500369625792
12, 268, 0.223564068366574
12, 269, 0.22360229170379
12, 270, 0.223615033497802
12, 271, 0.22360229170379
12, 272, 0.223564068366574
12, 273, 0.223500369625792
12, 274, 0.223411205731506
12, 275, 0.223296591070108
12, 276, 0.223156544200509
12, 277, 0.222991087900511
12, 278, 0.222800249223192
12, 279, 0.222584059563173
12, 280, 0.222342554732599
12, 281, 0.222075775046557
12, 282, 0.221783765417771
12, 283, 0.221466575460227
12, 284, 0.22112425960149
12, 285, 0.220756877203336
12, 286, 0.220364492690398
12, 287, 0.219947175686414
12, 288, 0.219505001157684
12, 289, 0.219038049563326
12, 290, 0.218546407011844
12, 291, 0.218030165423579
12, 292, 0.217489422698479
12, 293, 0.216924282888766
12, 294, 0.216334856375832
12, 295, 0.215721260050928
12, 296, 0.215083617498966
12, 297, 0.214422059184889
12, 298, 0.213736722641972
12, 299, 0.213027752661402
12, 300, 0.212295301482538
12, 301, 0.211539528983103
12, 302, 0.210760602868729
12, 303, 0.209958698861063
12, 304, 0.209134000883825
12, 305, 0.208286701246039
12, 306, 0.20741700082175
12, 307, 0.206525109225519
12, 308, 0.20561124498293
12, 309, 0.204675635695404
12, 310, 0.20371851819859
12, 311, 0.202740138713591
12, 312, 0.201740752990291
12, 313, 0.200720626442096
12, 314, 0.199680034271335
12, 315, 0.198619261584599
12, 316, 0.197538603497388
12, 317, 0.19643836522731
12, 318, 0.195318862175202
12, 319, 0.194180419993476
12, 320, 0.193023374641136
12, 321, 0.191848072424742
12, 322, 0.190654870024821
12, 323, 0.189444134507118
12, 324, 0.188216243318137
12, 325, 0.18697158426451
12, 326, 0.185710555475649
12, 327, 0.184433565349312
12, 328, 0.183141032479617
12, 329, 0.181833385567154
12, 330, 0.180511063310889
12, 331, 0.179174514281543
12, 332, 0.177824196776202
12, 333, 0.176460578653986
12, 334, 0.175084137152629
12, 335, 0.173695358685812
12, 336, 0.172294738621302
12, 337, 0.170882781039792
12, 338, 0.169459998474579
12, 339, 0.168026911632154
12, 340, 0.166584049093873
12, 341, 0.165131946998958
12, 342, 0.163671148709069
12, 343, 0.162202204454828
12, 344, 0.160725670964663
12, 345, 0.159242111076451
12, 346, 0.157752093332446
12, 347, 0.156256191558095
12, 348, 0.154754984425364
12, 349, 0.153249055001237
12, 350, 0.151738990282191
12, 351, 0.150225380715348
12, 352, 0.148708819707287
12, 353, 0.147189903121281
12, 354, 0.145669228764038
12, 355, 0.144147395862845
12, 356, 0.142625004534247
12, 357, 0.141102655245301
12, 358, 0.13958094826854
12, 359, 0.138060483131842
12, 360, 0.136541858064397
13, 0, 0.136287225944887
13, 1, 0.134648352726751
13, 2, 0.133012983186619
13, 3, 0.131381779723604
13, 4, 0.129755400683518
13, 5, 0.128134499680822
13, 6, 0.126519724924612
13, 7, 0.124911718550314
13, 8, 0.123311115958823
13, 9, 0.121718545164816
13, 10, 0.12013462615593
13, 11, 0.118559970264515
13, 12, 0.116995179553633
13, 13, 0.115440846218995
13, 14, 0.113897552008375
13, 15, 0.112365867660181
13, 16, 0.110846352362651
13, 17, 0.109339553235171
13, 18, 0.107846004833186
13, 19, 0.106366228677996
13, 20, 0.104900732812811
13, 21, 0.103450011386204
13, 22, 0.102014544264188
13, 23, 0.100594796671899
13, 24, 0.0991912188658928
13, 25, 0.0978042458379223
13, 26, 0.0964342970509571
13, 27, 0.0950817762081509
13, 28, 0.0937470710552851
13, 29, 0.092430553217198
13, 30, 0.0911325780685354
13, 31, 0.089853484639085
13, 32, 0.0885935955537973
13, 33, 0.0873532170075906
13, 34, 0.0861326387747845
13, 35, 0.0849321342530169
13, 36, 0.0837519605413271
13, 37, 0.0825923585519834
13, 38, 0.0814535531555649
13, 39, 0.0803357533586543
13, 40, 0.0792391525134391
13, 41, 0.0781639285583972
13, 42, 0.0771102442891402
13, 43, 0.0760782476584504
13, 44, 0.0750680721043902
13, 45, 0.0740798369053298
13, 46, 0.0731136475606642
13, 47, 0.0721695961958805
13, 48, 0.0712477619906263
13, 49, 0.0703482116283113
13, 50, 0.0694709997657818
13, 51, 0.0686161695215133
13, 52, 0.0677837529807378
13, 53, 0.0669737717159059
13, 54, 0.0661862373208269
13, 55, 0.0654211519568073
13, 56, 0.0646785089091303
13, 57, 0.0639582931521457
13, 58, 0.0632604819212853
13, 59, 0.0625850452902902
13, 60, 0.0619319467519406
13, 61, 0.0613011438006151
13, 62, 0.0606925885149705
13, 63, 0.0601062281391285
13, 64, 0.059542005660695
13, 65, 0.0589998603840198
13, 66, 0.0584797284971285
13, 67, 0.0579815436307943
13, 68, 0.0575052374082275
13, 69, 0.0570507399839524
13, 70, 0.056617980570446
13, 71, 0.0562068879511836
13, 72, 0.0558173909787854
13, 73, 0.0554494190569761
13, 74, 0.0551029026052089
13, 75, 0.054777773504732
13, 76, 0.0544739655250894
13, 77, 0.0541914147299394
13, 78, 0.0539300598612947
13, 79, 0.0536898427012255
13, 80, 0.0534707084101782
13, 81, 0.0532726058411605
13, 82, 0.05309548782901
13, 83, 0.0529393114541303
13, 84, 0.052804038280074
13, 85, 0.0526896345644363
13, 86, 0.0525960714425862
13, 87, 0.0525233250838272
13, 88, 0.0524713768196475
13, 89, 0.0524402132437424
13, 90, 0.0524298262836431
13, 91, 0.0524402132437423
13, 92, 0.0524713768196477
13, 93, 0.0525233250838275
13, 94, 0.0525960714425861
13, 95, 0.0526896345644363
13, 96, 0.0528040382800739
13, 97, 0.0529393114541301
13, 98, 0.05309548782901
13, 99, 0.0532726058411604
13, 100, 0.0534707084101784
13, 101, 0.0536898427012254
13, 102, 0.0539300598612947
13, 103, 0.0541914147299394
13, 104, 0.0544739655250896
13, 105, 0.0547777735047321
13, 106, 0.0551029026052089
13, 107, 0.0554494190569762
13, 108, 0.0558173909787856
13, 109, 0.0562068879511837
13, 110, 0.056617980570446
13, 111, 0.0570507399839525
13, 112, 0.0575052374082275
13, 113, 0.0579815436307945
13, 114, 0.0584797284971285
13, 115, 0.0589998603840199
13, 116, 0.0595420056606951
13, 117, 0.0601062281391285
13, 118, 0.0606925885149706
13, 119, 0.0613011438006149
13, 120, 0.0619319467519407
13, 121, 0.0625850452902905
13, 122, 0.0632604819212853
13, 123, 0.0639582931521457
13, 124, 0.0646785089091306
13, 125, 0.0654211519568073
13, 126, 0.066186237320827
13, 127, 0.0669737717159058
13, 128, 0.0677837529807378
13, 129, 0.0686161695215132
13, 130, 0.0694709997657815
13, 131, 0.0703482116283114
13, 132, 0.0712477619906263
13, 133, 0.0721695961958803
13, 134, 0.0731136475606641
13, 135, 0.0740798369053298
13, 136, 0.0750680721043903
13, 137, 0.0760782476584507
13, 138, 0.0771102442891402
13, 139, 0.0781639285583969
13, 140, 0.0792391525134393
13, 141, 0.0803357533586543
13, 142, 0.0814535531555648
13, 143, 0.0825923585519833
13, 144, 0.0837519605413271
13, 145, 0.0849321342530167
13, 146, 0.0861326387747846
13, 147, 0.0873532170075907
13, 148, 0.0885935955537976
13, 149, 0.0898534846390849
13, 150, 0.0911325780685354
13, 151, 0.0924305532171979
13, 152, 0.0937470710552846
13, 153, 0.0950817762081508
13, 154, 0.096434297050957
13, 155, 0.0978042458379221
13, 156, 0.099191218865893
13, 157, 0.100594796671899
13, 158, 0.102014544264189
13, 159, 0.103450011386204
13, 160, 0.104900732812811
13, 161, 0.106366228677996
13, 162, 0.107846004833187
13, 163, 0.109339553235171
13, 164, 0.110846352362651
13, 165, 0.11236586766018
13, 166, 0.113897552008376
13, 167, 0.115440846218995
13, 168, 0.116995179553633
13, 169, 0.118559970264515
13, 170, 0.12013462615593
13, 171, 0.121718545164816
13, 172, 0.123311115958823
13, 173, 0.124911718550314
13, 174, 0.126519724924612
13, 175, 0.128134499680823
13, 176, 0.129755400683518
13, 177, 0.131381779723604
13, 178, 0.133012983186619
13, 179, 0.134648352726751
13, 180, 0.136287225944888
13, 181, 0.137928937068954
13, 182, 0.139572817634889
13, 183, 0.141218197166584
13, 184, 0.142864403853165
13, 185, 0.144510765221983
13, 186, 0.146156608805818
13, 187, 0.147801262802725
13, 188, 0.14944405672708
13, 189, 0.151084322050402
13, 190, 0.152721392830601
13, 191, 0.154354606328348
13, 192, 0.155983303609306
13, 193, 0.157606830131113
13, 194, 0.159224536313913
13, 195, 0.1608357780935
13, 196, 0.162439917456048
13, 197, 0.164036322953529
13, 198, 0.165624370199078
13, 199, 0.167203442341439
13, 200, 0.168772930517974
13, 201, 0.170332234285477
13, 202, 0.171880762028443
13, 203, 0.17341793134422
13, 204, 0.17494316940475
13, 205, 0.176455913294594
13, 206, 0.177955610324998
13, 207, 0.179441718323894
13, 208, 0.18091370590173
13, 209, 0.18237105269311
13, 210, 0.183813249574355
13, 211, 0.185239798857072
13, 212, 0.186650214457884
13, 213, 0.188044022044669
13, 214, 0.189420759159508
13, 215, 0.19077997531877
13, 216, 0.192121232090734
13, 217, 0.193444103151188
13, 218, 0.19474817431757
13, 219, 0.196033043562152
13, 220, 0.19729832100493
13, 221, 0.198543628886818
13, 222, 0.199768601523819
13, 223, 0.200972885242941
13, 224, 0.202156138300543
13, 225, 0.203318030783911
13, 226, 0.204458244496867
13, 227, 0.205576472830226
13, 228, 0.206672420617934
13, 229, 0.20774580397976
13, 230, 0.208796350151415
13, 231, 0.20982379730299
13, 232, 0.210827894346573
13, 233, 0.211808400734023
13, 234, 0.212765086245739
13, 235, 0.213697730771361
13, 236, 0.214606124083344
13, 237, 0.215490065604265
13, 238, 0.216349364168818
13, 239, 0.217183837781366
13, 240, 0.217993313369962
13, 241, 0.218777626537717
13, 242, 0.219536621312372
13, 243, 0.220270149894978
13, 244, 0.220978072408483
13, 245, 0.221660256647079
13, 246, 0.222316577827092
13, 247, 0.222946918340269
13, 248, 0.223551167510166
13, 249, 0.224129221352408
13, 250, 0.22468098233958
13, 251, 0.225206359171398
13, 252, 0.225705266550894
13, 253, 0.226177624967207
13, 254, 0.226623360485671
13, 255, 0.227042404545734
13, 256, 0.227434693767343
13, 257, 0.227800169766255
13, 258, 0.228138778978874
13, 259, 0.22845047249703
13, 260, 0.228735205913151
13, 261, 0.22899293917631
13, 262, 0.229223636459439
13, 263, 0.229427266038138
13, 264, 0.229603800181377
13, 265, 0.229753215054353
13, 266, 0.229875490633813
13, 267, 0.229970610635989
13, 268, 0.230038562457428
13, 269, 0.230079337128755
13, 270, 0.230092929281611
13, 271, 0.230079337128755
13, 272, 0.230038562457428
13, 273, 0.229970610635989
13, 274, 0.229875490633812
13, 275, 0.229753215054353
13, 276, 0.229603800181376
13, 277, 0.229427266038139
13, 278, 0.22922363645944
13, 279, 0.228992939176309
13, 280, 0.228735205913151
13, 281, 0.22845047249703
13, 282, 0.228138778978874
13, 283, 0.227800169766254
13, 284, 0.227434693767341
13, 285, 0.227042404545734
13, 286, 0.226623360485671
13, 287, 0.226177624967207
13, 288, 0.225705266550895
13, 289, 0.225206359171398
13, 290, 0.22468098233958
13, 291, 0.224129221352409
13, 292, 0.223551167510166
13, 293, 0.222946918340271
13, 294, 0.222316577827092
13, 295, 0.221660256647079
13, 296, 0.220978072408484
13, 297, 0.220270149894976
13, 298, 0.219536621312372
13, 299, 0.218777626537718
13, 300, 0.217993313369962
13, 301, 0.217183837781367
13, 302, 0.216349364168817
13, 303, 0.215490065604264
13, 304, 0.214606124083344
13, 305, 0.21369773077136
13, 306, 0.212765086245738
13, 307, 0.211808400734023
13, 308, 0.210827894346574
13, 309, 0.20982379730299
13, 310, 0.208796350151416
13, 311, 0.207745803979761
13, 312, 0.206672420617934
13, 313, 0.205576472830228
13, 314, 0.204458244496868
13, 315, 0.203318030783911
13, 316, 0.202156138300544
13, 317, 0.200972885242941
13, 318, 0.19976860152382
13, 319, 0.198543628886818
13, 320, 0.197298321004931
13, 321, 0.196033043562151
13, 322, 0.19474817431757
13, 323, 0.193444103151189
13, 324, 0.192121232090734
13, 325, 0.19077997531877
13, 326, 0.189420759159507
13, 327, 0.188044022044668
13, 328, 0.186650214457884
13, 329, 0.185239798857073
13, 330, 0.183813249574356
13, 331, 0.182371052693109
13, 332, 0.18091370590173
13, 333, 0.179441718323895
13, 334, 0.177955610324997
13, 335, 0.176455913294593
13, 336, 0.174943169404751
13, 337, 0.17341793134422
13, 338, 0.171880762028443
13, 339, 0.170332234285477
13, 340, 0.168772930517974
13, 341, 0.167203442341439
13, 342, 0.165624370199077
13, 343, 0.164036322953529
13, 344, 0.162439917456048
13, 345, 0.160835778093501
13, 346, 0.159224536313913
13, 347, 0.157606830131113
13, 348, 0.155983303609305
13, 349, 0.154354606328348
13, 350, 0.152721392830602
13, 351, 0.151084322050402
13, 352, 0.14944405672708
13, 353, 0.147801262802725
13, 354, 0.146156608805818
13, 355, 0.144510765221982
13, 356, 0.142864403853165
13, 357, 0.141218197166584
13, 358, 0.139572817634889
13, 359, 0.137928937068954
13, 360, 0.136287225944887
14, 0, 0.136009018275225
14, 1, 0.13424845245733
14, 2, 0.132491894039745
14, 3, 0.13074008162299
14, 4, 0.128993749218569
14, 5, 0.127253625429518
14, 6, 0.125520432634963
14, 7, 0.123794886180837
14, 8, 0.122077693578928
14, 9, 0.120369553716448
14, 10, 0.118671156078284
14, 11, 0.116983179984101
14, 12, 0.115306293842433
14, 13, 0.113641154423872
14, 14, 0.111988406155432
14, 15, 0.110348680438112
14, 16, 0.108722594989625
14, 17, 0.107110753214197
14, 18, 0.105513743601282
14, 19, 0.103932139154939
14, 20, 0.102366496855535
14, 21, 0.100817357155354
14, 22, 0.0992852435095767
14, 23, 0.0977706619439958
14, 24, 0.0962741006607047
14, 25, 0.0947960296829032
14, 26, 0.0933369005397973
14, 27, 0.0918971459924859
14, 28, 0.0904771798015542
14, 29, 0.0890773965369845
14, 30, 0.0876981714308381
14, 31, 0.086339860273022
14, 32, 0.0850027993503288
14, 33, 0.0836873054287581
14, 34, 0.0823936757790305
14, 35, 0.0811221882450126
14, 36, 0.0798731013546791
14, 37, 0.0786466544730507
14, 38, 0.0774430679964521
14, 39, 0.0762625435872723
14, 40, 0.0751052644482892
14, 41, 0.0739713956355017
14, 42, 0.0728610844082826
14, 43, 0.0717744606155575
14, 44, 0.0707116371166056
14, 45, 0.0696727102349782
14, 46, 0.0686577602439283
14, 47, 0.0676668518816724
14, 48, 0.0667000348947081
14, 49, 0.0657573446073508
14, 50, 0.0648388025155854
14, 51, 0.063944416903267
14, 52, 0.063074183478666
14, 53, 0.0622280860293023
14, 54, 0.0614060970929858
14, 55, 0.0606081786429602
14, 56, 0.0598342827850174
14, 57, 0.0590843524644569
14, 58, 0.058358322180752
14, 59, 0.0576561187077857
14, 60, 0.0569776618175562
14, 61, 0.0563228650052341
14, 62, 0.0556916362135095
14, 63, 0.0550838785541877
14, 64, 0.054499491025023
14, 65, 0.0539383692198269
14, 66, 0.0534004060299401
14, 67, 0.0528854923351988
14, 68, 0.0523935176825817
14, 69, 0.0519243709507879
14, 70, 0.0514779409990582
14, 71, 0.051054117298603
14, 72, 0.0506527905450887
14, 73, 0.0502738532506818
14, 74, 0.0499172003142336
14, 75, 0.0495827295682569
14, 76, 0.0492703423014152
14, 77, 0.0489799437553242
14, 78, 0.0487114435945331
14, 79, 0.0484647563486388
14, 80, 0.0482398018255408
14, 81, 0.0480365054949435
14, 82, 0.0478547988412693
14, 83, 0.047694619685225
14, 84, 0.0475559124733423
14, 85, 0.0474386285348783
14, 86, 0.0473427263055453
14, 87, 0.0472681715176003
14, 88, 0.0472149373559071
14, 89, 0.0471830045796457
14, 90, 0.0471723616094303
14, 91, 0.0471830045796457
14, 92, 0.0472149373559071
14, 93, 0.0472681715176005
14, 94, 0.0473427263055455
14, 95, 0.0474386285348782
14, 96, 0.0475559124733421
14, 97, 0.0476946196852249
14, 98, 0.0478547988412693
14, 99, 0.0480365054949433
14, 100, 0.0482398018255407
14, 101, 0.0484647563486389
14, 102, 0.0487114435945331
14, 103, 0.0489799437553243
14, 104, 0.0492703423014151
14, 105, 0.0495827295682571
14, 106, 0.0499172003142337
14, 107, 0.0502738532506819
14, 108, 0.0506527905450887
14, 109, 0.051054117298603
14, 110, 0.051477940999058
14, 111, 0.051924370950788
14, 112, 0.0523935176825815
14, 113, 0.052885492335199
14, 114, 0.0534004060299402
14, 115, 0.0539383692198269
14, 116, 0.0544994910250231
14, 117, 0.0550838785541878
14, 118, 0.0556916362135095
14, 119, 0.0563228650052338
14, 120, 0.0569776618175566
14, 121, 0.0576561187077855
14, 122, 0.058358322180752
14, 123, 0.0590843524644569
14, 124, 0.0598342827850177
14, 125, 0.0606081786429604
14, 126, 0.0614060970929861
14, 127, 0.0622280860293026
14, 128, 0.063074183478666
14, 129, 0.0639444169032669
14, 130, 0.0648388025155853
14, 131, 0.0657573446073508
14, 132, 0.0667000348947084
14, 133, 0.0676668518816728
14, 134, 0.0686577602439283
14, 135, 0.0696727102349783
14, 136, 0.0707116371166055
14, 137, 0.0717744606155572
14, 138, 0.0728610844082826
14, 139, 0.0739713956355016
14, 140, 0.0751052644482892
14, 141, 0.0762625435872722
14, 142, 0.0774430679964518
14, 143, 0.0786466544730507
14, 144, 0.0798731013546792
14, 145, 0.0811221882450131
14, 146, 0.0823936757790302
14, 147, 0.083687305428758
14, 148, 0.085002799350329
14, 149, 0.0863398602730222
14, 150, 0.0876981714308383
14, 151, 0.0890773965369842
14, 152, 0.090477179801554
14, 153, 0.091897145992486
14, 154, 0.0933369005397976
14, 155, 0.0947960296829031
14, 156, 0.0962741006607049
14, 157, 0.0977706619439955
14, 158, 0.0992852435095766
14, 159, 0.100817357155354
14, 160, 0.102366496855535
14, 161, 0.103932139154939
14, 162, 0.105513743601282
14, 163, 0.107110753214196
14, 164, 0.108722594989625
14, 165, 0.110348680438112
14, 166, 0.111988406155431
14, 167, 0.113641154423871
14, 168, 0.115306293842433
14, 169, 0.116983179984101
14, 170, 0.118671156078284
14, 171, 0.120369553716448
14, 172, 0.122077693578928
14, 173, 0.123794886180836
14, 174, 0.125520432634963
14, 175, 0.127253625429519
14, 176, 0.128993749218569
14, 177, 0.130740081622991
14, 178, 0.132491894039745
14, 179, 0.13424845245733
14, 180, 0.136009018275225
14, 181, 0.137772849125189
14, 182, 0.139539199692318
14, 183, 0.141307322533743
14, 184, 0.143076468892984
14, 185, 0.144845889507913
14, 186, 0.146614835410444
14, 187, 0.148382558716032
14, 188, 0.150148313401206
14, 189, 0.151911356067383
14, 190, 0.153670946689289
14, 191, 0.155426349346434
14, 192, 0.157176832936109
14, 193, 0.158921671866513
14, 194, 0.160660146728681
14, 195, 0.162391544945956
14, 196, 0.164115161399913
14, 197, 0.165830299031641
14, 198, 0.167536269417448
14, 199, 0.169232393318158
14, 200, 0.170918001201212
14, 201, 0.172592433734917
14, 202, 0.174255042254306
14, 203, 0.175905189198096
14, 204, 0.17754224851641
14, 205, 0.179165606048945
14, 206, 0.180774659873428
14, 207, 0.182368820624223
14, 208, 0.1839475117811
14, 209, 0.18551016992822
14, 210, 0.18705624498349
14, 211, 0.18858520039852
14, 212, 0.190096513329477
14, 213, 0.191589674779224
14, 214, 0.193064189711196
14, 215, 0.194519577135503
14, 216, 0.195955370167876
14, 217, 0.197371116062046
14, 218, 0.198766376216288
14, 219, 0.20014072615486
14, 220, 0.201493755485125
14, 221, 0.202825067831204
14, 222, 0.204134280745038
14, 223, 0.20542102559578
14, 224, 0.206684947438466
14, 225, 0.207925704862961
14, 226, 0.209142969824177
14, 227, 0.21033642745461
14, 228, 0.211505775860254
14, 229, 0.212650725900969
14, 230, 0.213771000956378
14, 231, 0.214866336678422
14, 232, 0.215936480731651
14, 233, 0.216981192522395
14, 234, 0.218000242917914
14, 235, 0.218993413956648
14, 236, 0.2199604985507
14, 237, 0.220901300181628
14, 238, 0.221815632590676
14, 239, 0.222703319464539
14, 240, 0.223564194117707
14, 241, 0.224398099172501
14, 242, 0.225204886237811
14, 243, 0.225984415587593
14, 244, 0.226736555840126
14, 245, 0.227461183639013
14, 246, 0.228158183336909
14, 247, 0.228827446682899
14, 248, 0.229468872514459
14, 249, 0.230082366454873
14, 250, 0.230667840616974
14, 251, 0.231225213314047
14, 252, 0.231754408778665
14, 253, 0.232255356890257
14, 254, 0.232727992912124
14, 255, 0.233172257238611
14, 256, 0.233588095153095
14, 257, 0.233975456597425
14, 258, 0.23433429595342
14, 259, 0.234664571836952
14, 260, 0.234966246905194
14, 261, 0.235239287677448
14, 262, 0.235483664370065
14, 263, 0.235699350745833
14, 264, 0.235886323978216
14, 265, 0.23604456453077
14, 266, 0.236174056052042
14, 267, 0.236274785286207
14, 268, 0.236346741999653
14, 269, 0.23638991892369
14, 270, 0.236404311713542
14, 271, 0.236389918923691
14, 272, 0.236346741999653
14, 273, 0.236274785286207
14, 274, 0.236174056052042
14, 275, 0.23604456453077
14, 276, 0.235886323978217
14, 277, 0.235699350745833
14, 278, 0.235483664370064
14, 279, 0.235239287677447
14, 280, 0.234966246905193
14, 281, 0.234664571836952
14, 282, 0.234334295953419
14, 283, 0.233975456597425
14, 284, 0.233588095153096
14, 285, 0.233172257238611
14, 286, 0.232727992912125
14, 287, 0.232255356890258
14, 288, 0.231754408778664
14, 289, 0.231225213314047
14, 290, 0.230667840616973
14, 291, 0.230082366454872
14, 292, 0.22946887251446
14, 293, 0.228827446682899
14, 294, 0.22815818333691
14, 295, 0.227461183639013
14, 296, 0.226736555840126
14, 297, 0.225984415587593
14, 298, 0.22520488623781
14, 299, 0.224398099172501
14, 300, 0.223564194117707
14, 301, 0.222703319464539
14, 302, 0.221815632590677
14, 303, 0.220901300181628
14, 304, 0.219960498550699
14, 305, 0.218993413956648
14, 306, 0.218000242917913
14, 307, 0.216981192522395
14, 308, 0.215936480731651
14, 309, 0.214866336678422
14, 310, 0.213771000956378
14, 311, 0.212650725900968
14, 312, 0.211505775860253
14, 313, 0.210336427454609
14, 314, 0.209142969824177
14, 315, 0.207925704862962
14, 316, 0.206684947438466
14, 317, 0.205421025595779
14, 318, 0.204134280745038
14, 319, 0.202825067831204
14, 320, 0.201493755485125
14, 321, 0.200140726154861
14, 322, 0.198766376216287
14, 323, 0.197371116062046
14, 324, 0.195955370167876
14, 325, 0.194519577135504
14, 326, 0.193064189711196
14, 327, 0.191589674779224
14, 328, 0.190096513329478
14, 329, 0.18858520039852
14, 330, 0.187056244983491
14, 331, 0.18551016992822
14, 332, 0.1839475117811
14, 333, 0.182368820624222
14, 334, 0.180774659873428
14, 335, 0.179165606048945
14, 336, 0.177542248516408
14, 337, 0.175905189198097
14, 338, 0.174255042254306
14, 339, 0.172592433734917
14, 340, 0.170918001201212
14, 341, 0.169232393318159
14, 342, 0.167536269417448
14, 343, 0.165830299031641
14, 344, 0.164115161399913
14, 345, 0.162391544945956
14, 346, 0.16066014672868
14, 347, 0.158921671866514
14, 348, 0.157176832936109
14, 349, 0.155426349346433
14, 350, 0.153670946689289
14, 351, 0.151911356067382
14, 352, 0.150148313401206
14, 353, 0.148382558716031
14, 354, 0.146614835410444
14, 355, 0.144845889507914
14, 356, 0.143076468892984
14, 357, 0.141307322533743
14, 358, 0.139539199692317
14, 359, 0.13777284912519
14, 360, 0.136009018275225
15, 0, 0.135706415283683
15, 1, 0.133825268672862
15, 2, 0.1319486626215
15, 3, 0.130077416879825
15, 4, 0.128212346070335
15, 5, 0.126354258707919
15, 6, 0.124503956223718
15, 7, 0.122662231995366
15, 8, 0.120829870386361
15, 9, 0.119007645797261
15, 10, 0.117196321731438
15, 11, 0.115396649878086
15, 12, 0.113609369215195
15, 13, 0.111835205135121
15, 14, 0.110074868595376
15, 15, 0.1083290552972
15, 16, 0.106598444894392
15, 17, 0.10488370023483
15, 18, 0.103185466636974
15, 19, 0.101504371203622
15, 20, 0.0998410221749869
15, 21, 0.0981960083231275
15, 22, 0.0965698983895791
15, 23, 0.0949632405679281
15, 24, 0.0933765620329058
15, 25, 0.0918103685174392
15, 26, 0.0902651439389295
15, 27, 0.0887413500758619
15, 28, 0.0872394262956785
15, 29, 0.0857597893346851
15, 30, 0.0843028331305536
15, 31, 0.0828689287078273
15, 32, 0.0814584241166439
15, 33, 0.0800716444246973
15, 34, 0.0787088917622846
15, 35, 0.0773704454201071
15, 36, 0.0760565619992954
15, 37, 0.0747674756129605
15, 38, 0.0735033981384069
15, 39, 0.0722645195189511
15, 40, 0.0710510081141544
15, 41, 0.0698630110970882
15, 42, 0.068700654897129
15, 43, 0.0675640456866151
15, 44, 0.0664532699095746
15, 45, 0.0653683948506034
15, 46, 0.0643094692418514
15, 47, 0.0632765239059823
15, 48, 0.0622695724328524
15, 49, 0.0612886118875905
15, 50, 0.0603336235476689
15, 51, 0.0594045736664962
15, 52, 0.0585014142610101
15, 53, 0.0576240839206981
15, 54, 0.056772508635444
15, 55, 0.0559466026395792
15, 56, 0.0551462692694922
15, 57, 0.0543714018321666
15, 58, 0.0536218844820022
15, 59, 0.0528975931033062
15, 60, 0.0521983961958607
15, 61, 0.0515241557610022
15, 62, 0.0508747281856952
15, 63, 0.0502499651221238
15, 64, 0.0496497143603868
15, 65, 0.0490738206919331
15, 66, 0.0485221267614501
15, 67, 0.0479944739049829
15, 68, 0.0474907029721335
15, 69, 0.0470106551302813
15, 70, 0.046554172648833
15, 71, 0.0461210996616057
15, 72, 0.0457112829055289
15, 73, 0.0453245724339407
15, 74, 0.044960822302843
15, 75, 0.0446198912285714
15, 76, 0.044301643215427
15, 77, 0.0440059481519047
15, 78, 0.0437326823742453
15, 79, 0.0434817291961326
15, 80, 0.0432529794034345
15, 81, 0.0430463317129864
15, 82, 0.0428616931944987
15, 83, 0.0426989796547499
15, 84, 0.0425581159833209
15, 85, 0.0424390364592003
15, 86, 0.0423416850176805
15, 87, 0.0422660154770358
15, 88, 0.0422119917245616
15, 89, 0.0421795878616303
15, 90, 0.0421687883074922
15, 91, 0.0421795878616303
15, 92, 0.0422119917245615
15, 93, 0.0422660154770356
15, 94, 0.0423416850176808
15, 95, 0.0424390364592003
15, 96, 0.0425581159833209
15, 97, 0.0426989796547499
15, 98, 0.0428616931944985
15, 99, 0.0430463317129865
15, 100, 0.0432529794034343
15, 101, 0.0434817291961327
15, 102, 0.0437326823742454
15, 103, 0.0440059481519046
15, 104, 0.0443016432154271
15, 105, 0.0446198912285714
15, 106, 0.0449608223028428
15, 107, 0.0453245724339408
15, 108, 0.045711282905529
15, 109, 0.0461210996616057
15, 110, 0.046554172648833
15, 111, 0.0470106551302813
15, 112, 0.0474907029721335
15, 113, 0.0479944739049831
15, 114, 0.0485221267614502
15, 115, 0.049073820691933
15, 116, 0.0496497143603869
15, 117, 0.050249965122124
15, 118, 0.0508747281856951
15, 119, 0.0515241557610021
15, 120, 0.0521983961958607
15, 121, 0.0528975931033063
15, 122, 0.0536218844820021
15, 123, 0.0543714018321668
15, 124, 0.0551462692694922
15, 125, 0.0559466026395792
15, 126, 0.0567725086354439
15, 127, 0.0576240839206981
15, 128, 0.05850141426101
15, 129, 0.0594045736664964
15, 130, 0.0603336235476688
15, 131, 0.0612886118875904
15, 132, 0.0622695724328522
15, 133, 0.0632765239059824
15, 134, 0.0643094692418516
15, 135, 0.0653683948506032
15, 136, 0.0664532699095747
15, 137, 0.0675640456866155
15, 138, 0.0687006548971288
15, 139, 0.0698630110970886
15, 140, 0.0710510081141543
15, 141, 0.0722645195189511
15, 142, 0.0735033981384072
15, 143, 0.0747674756129609
15, 144, 0.0760565619992956
15, 145, 0.0773704454201071
15, 146, 0.0787088917622842
15, 147, 0.0800716444246971
15, 148, 0.0814584241166439
15, 149, 0.0828689287078272
15, 150, 0.0843028331305539
15, 151, 0.0857597893346853
15, 152, 0.0872394262956781
15, 153, 0.0887413500758618
15, 154, 0.0902651439389299
15, 155, 0.0918103685174396
15, 156, 0.093376562032906
15, 157, 0.0949632405679281
15, 158, 0.0965698983895792
15, 159, 0.0981960083231276
15, 160, 0.0998410221749871
15, 161, 0.101504371203622
15, 162, 0.103185466636974
15, 163, 0.10488370023483
15, 164, 0.106598444894393
15, 165, 0.108329055297199
15, 166, 0.110074868595376
15, 167, 0.111835205135121
15, 168, 0.113609369215196
15, 169, 0.115396649878086
15, 170, 0.117196321731438
15, 171, 0.119007645797262
15, 172, 0.120829870386361
15, 173, 0.122662231995366
15, 174, 0.124503956223718
15, 175, 0.12635425870792
15, 176, 0.128212346070335
15, 177, 0.130077416879825
15, 178, 0.1319486626215
15, 179, 0.133825268672862
15, 180, 0.135706415283682
15, 181, 0.137591278556928
15, 182, 0.139479031428136
15, 183, 0.141368844640681
15, 184, 0.143259887714405
15, 185, 0.145151329905191
15, 186, 0.147042341153119
15, 187, 0.148932093016907
15, 188, 0.150819759592448
15, 189, 0.152704518413364
15, 190, 0.154585551331547
15, 191, 0.15646204537581
15, 192, 0.158333193586869
15, 193, 0.160198195826954
15, 194, 0.162056259562522
15, 195, 0.163906600618613
15, 196, 0.165748443903522
15, 197, 0.167581024102607
15, 198, 0.169403586340124
15, 199, 0.171215386808158
15, 200, 0.173015693361796
15, 201, 0.17480378607982
15, 202, 0.176578957790345
15, 203, 0.17834051456091
15, 204, 0.180087776152644
15, 205, 0.18182007643828
15, 206, 0.183536763783877
15, 207, 0.185237201394199
15, 208, 0.186920767621846
15, 209, 0.1885868562403
15, 210, 0.190234876681176
15, 211, 0.19186425423601
15, 212, 0.1934744302231
15, 213, 0.195064862119878
15, 214, 0.196635023661488
15, 215, 0.198184404906237
15, 216, 0.19971251226873
15, 217, 0.201218868521493
15, 218, 0.202703012766019
15, 219, 0.204164500374189
15, 220, 0.2056029029011
15, 221, 0.207017807970352
15, 222, 0.20840881913294
15, 223, 0.209775555700877
15, 224, 0.211117652556764
15, 225, 0.212434759940535
15, 226, 0.213726543214618
15, 227, 0.214992682608809
15, 228, 0.216232872946153
15, 229, 0.217446823351155
15, 230, 0.218634256941637
15, 231, 0.219794910505603
15, 232, 0.22092853416445
15, 233, 0.222034891023851
15, 234, 0.223113756813694
15, 235, 0.224164919518402
15, 236, 0.225188178998945
15, 237, 0.226183346607928
15, 238, 0.227150244799002
15, 239, 0.228088706731953
15, 240, 0.228998575874692
15, 241, 0.229879705603474
15, 242, 0.230731958802516
15, 243, 0.231555207464265
15, 244, 0.232349332291503
15, 245, 0.233114222302427
15, 246, 0.233849774439862
15, 247, 0.234555893185674
15, 248, 0.235232490181475
15, 249, 0.235879483856631
15, 250, 0.236496799064588
15, 251, 0.237084366728465
15, 252, 0.237642123496831
15, 253, 0.238170011410558
15, 254, 0.238667977581613
15, 255, 0.23913597388455
15, 256, 0.239573956661516
15, 257, 0.239981886441451
15, 258, 0.240359727674203
15, 259, 0.240707448480172
15, 260, 0.241025020416083
15, 261, 0.241312418257456
15, 262, 0.241569619798262
15, 263, 0.241796605668263
15, 264, 0.241993359168422
15, 265, 0.242159866124793
15, 266, 0.24229611476121
15, 267, 0.242402095591065
15, 268, 0.242477801328443
15, 269, 0.242523226818775
15, 270, 0.242538368989209
15, 271, 0.242523226818775
15, 272, 0.242477801328443
15, 273, 0.242402095591065
15, 274, 0.24229611476121
15, 275, 0.242159866124794
15, 276, 0.241993359168422
15, 277, 0.241796605668264
15, 278, 0.241569619798262
15, 279, 0.241312418257455
15, 280, 0.241025020416084
15, 281, 0.240707448480172
15, 282, 0.240359727674203
15, 283, 0.239981886441451
15, 284, 0.239573956661516
15, 285, 0.239135973884551
15, 286, 0.238667977581613
15, 287, 0.238170011410558
15, 288, 0.237642123496831
15, 289, 0.237084366728466
15, 290, 0.236496799064589
15, 291, 0.23587948385663
15, 292, 0.235232490181473
15, 293, 0.234555893185674
15, 294, 0.233849774439862
15, 295, 0.233114222302427
15, 296, 0.232349332291501
15, 297, 0.231555207464265
15, 298, 0.230731958802516
15, 299, 0.229879705603475
15, 300, 0.228998575874692
15, 301, 0.228088706731951
15, 302, 0.227150244799002
15, 303, 0.226183346607928
15, 304, 0.225188178998945
15, 305, 0.224164919518402
15, 306, 0.223113756813694
15, 307, 0.22203489102385
15, 308, 0.220928534164451
15, 309, 0.219794910505603
15, 310, 0.218634256941637
15, 311, 0.217446823351155
15, 312, 0.216232872946153
15, 313, 0.214992682608809
15, 314, 0.213726543214618
15, 315, 0.212434759940535
15, 316, 0.211117652556764
15, 317, 0.209775555700876
15, 318, 0.208408819132941
15, 319, 0.207017807970352
15, 320, 0.2056029029011
15, 321, 0.20416450037419
15, 322, 0.202703012766019
15, 323, 0.201218868521493
15, 324, 0.19971251226873
15, 325, 0.198184404906236
15, 326, 0.196635023661487
15, 327, 0.195064862119879
15, 328, 0.193474430223101
15, 329, 0.19186425423601
15, 330, 0.190234876681175
15, 331, 0.188586856240302
15, 332, 0.186920767621846
15, 333, 0.185237201394199
15, 334, 0.183536763783877
15, 335, 0.181820076438279
15, 336, 0.180087776152644
15, 337, 0.178340514560911
15, 338, 0.176578957790346
15, 339, 0.174803786079819
15, 340, 0.173015693361796
15, 341, 0.171215386808159
15, 342, 0.169403586340124
15, 343, 0.167581024102607
15, 344, 0.165748443903522
15, 345, 0.163906600618614
15, 346, 0.162056259562523
15, 347, 0.160198195826954
15, 348, 0.158333193586869
15, 349, 0.156462045375811
15, 350, 0.154585551331546
15, 351, 0.152704518413364
15, 352, 0.150819759592448
15, 353, 0.148932093016906
15, 354, 0.147042341153119
15, 355, 0.145151329905191
15, 356, 0.143259887714405
15, 357, 0.141368844640681
15, 358, 0.139479031428136
15, 359, 0.137591278556927
15, 360, 0.135706415283683
16, 0, 0.135378511849229
16, 1, 0.133378024826418
16, 2, 0.13138263993417
16, 3, 0.129393263131766
16, 4, 0.127410794718051
16, 5, 0.125436128171174
16, 6, 0.123470148991409
16, 7, 0.121513733550365
16, 8, 0.119567747949889
16, 9, 0.117633046894048
16, 10, 0.115710472577519
16, 11, 0.113800853593766
16, 12, 0.111905003866323
16, 13, 0.110023721606487
16, 14, 0.108157788300679
16, 15, 0.106307967730644
16, 16, 0.10447500502962
16, 17, 0.102659625777465
16, 18, 0.10086253513768
16, 19, 0.0990844170390936
16, 20, 0.0973259334048677
16, 21, 0.0955877234313319
16, 22, 0.0938704029189957
16, 23, 0.0921745636578984
16, 24, 0.0905007728693055
16, 25, 0.0888495727055336
16, 26, 0.0872214798095185
16, 27, 0.0856169849354978
16, 28, 0.0840365526319832
16, 29, 0.0824806209879823
16, 30, 0.0809496014431659
16, 31, 0.0794438786624968
16, 32, 0.0779638104755546
16, 33, 0.0765097278805953
16, 34, 0.0750819351131223
16, 35, 0.0736807097785312
16, 36, 0.0723063030481539
16, 37, 0.0709589399178039
16, 38, 0.0696388195276982
16, 39, 0.0683461155424347
16, 40, 0.0670809765894737
16, 41, 0.0658435267543937
16, 42, 0.0646338661309948
16, 43, 0.0634520714241479
16, 44, 0.0622981966031121
16, 45, 0.0611722736029104
16, 46, 0.0600743130711801
16, 47, 0.0590043051578153
16, 48, 0.0579622203445783
16, 49, 0.0569480103117744
16, 50, 0.0559616088389843
16, 51, 0.0550029327367756
16, 52, 0.0540718828062638
16, 53, 0.0531683448233355
16, 54, 0.0522921905443233
16, 55, 0.0514432787299011
16, 56, 0.0506214561839618
16, 57, 0.049826558804243
16, 58, 0.0490584126415064
16, 59, 0.0483168349640719
16, 60, 0.047601635324587
16, 61, 0.0469126166259392
16, 62, 0.046249576183292
16, 63, 0.0456123067792966
16, 64, 0.0450005977095992
16, 65, 0.0444142358158663
16, 66, 0.0438530065036273
16, 67, 0.0433166947423358
16, 68, 0.042805086045159
16, 69, 0.0423179674260965
16, 70, 0.0418551283321535
16, 71, 0.0414163615483905
16, 72, 0.0410014640737943
16, 73, 0.0406102379660195
16, 74, 0.040242491153167
16, 75, 0.0398980382108794
16, 76, 0.0395767011031429
16, 77, 0.0392783098852937
16, 78, 0.0390027033678392
16, 79, 0.0387497297398129
16, 80, 0.0385192471504765
16, 81, 0.0383111242482929
16, 82, 0.0381252406761949
16, 83, 0.0379614875222599
16, 84, 0.0378197677250053
16, 85, 0.0376999964326067
16, 86, 0.0376021013154282
16, 87, 0.0375260228313428
16, 88, 0.0374717144434028
16, 89, 0.0374391427895062
16, 90, 0.0374282878037837
16, 91, 0.0374391427895062
16, 92, 0.0374717144434028
16, 93, 0.037526022831343
16, 94, 0.0376021013154282
16, 95, 0.0376999964326067
16, 96, 0.0378197677250051
16, 97, 0.0379614875222597
16, 98, 0.0381252406761949
16, 99, 0.038311124248293
16, 100, 0.0385192471504763
16, 101, 0.0387497297398129
16, 102, 0.039002703367839
16, 103, 0.0392783098852935
16, 104, 0.0395767011031429
16, 105, 0.0398980382108794
16, 106, 0.040242491153167
16, 107, 0.0406102379660195
16, 108, 0.0410014640737941
16, 109, 0.0414163615483905
16, 110, 0.0418551283321535
16, 111, 0.0423179674260964
16, 112, 0.0428050860451589
16, 113, 0.0433166947423359
16, 114, 0.0438530065036271
16, 115, 0.0444142358158663
16, 116, 0.0450005977095991
16, 117, 0.0456123067792967
16, 118, 0.0462495761832922
16, 119, 0.0469126166259393
16, 120, 0.0476016353245871
16, 121, 0.0483168349640719
16, 122, 0.0490584126415062
16, 123, 0.0498265588042433
16, 124, 0.0506214561839618
16, 125, 0.0514432787299012
16, 126, 0.0522921905443235
16, 127, 0.0531683448233356
16, 128, 0.0540718828062637
16, 129, 0.0550029327367757
16, 130, 0.0559616088389844
16, 131, 0.0569480103117744
16, 132, 0.0579622203445783
16, 133, 0.059004305157815
16, 134, 0.0600743130711802
16, 135, 0.0611722736029105
16, 136, 0.0622981966031116
16, 137, 0.0634520714241477
16, 138, 0.0646338661309947
16, 139, 0.0658435267543936
16, 140, 0.0670809765894736
16, 141, 0.0683461155424347
16, 142, 0.0696388195276984
16, 143, 0.0709589399178037
16, 144, 0.0723063030481543
16, 145, 0.0736807097785312
16, 146, 0.0750819351131227
16, 147, 0.0765097278805952
16, 148, 0.0779638104755546
16, 149, 0.0794438786624967
16, 150, 0.080949601443166
16, 151, 0.0824806209879819
16, 152, 0.0840365526319834
16, 153, 0.0856169849354973
16, 154, 0.0872214798095186
16, 155, 0.0888495727055335
16, 156, 0.0905007728693054
16, 157, 0.0921745636578986
16, 158, 0.0938704029189956
16, 159, 0.0955877234313321
16, 160, 0.0973259334048676
16, 161, 0.099084417039094
16, 162, 0.10086253513768
16, 163, 0.102659625777465
16, 164, 0.10447500502962
16, 165, 0.106307967730644
16, 166, 0.108157788300679
16, 167, 0.110023721606487
16, 168, 0.111905003866323
16, 169, 0.113800853593766
16, 170, 0.115710472577519
16, 171, 0.117633046894048
16, 172, 0.119567747949889
16, 173, 0.121513733550365
16, 174, 0.123470148991409
16, 175, 0.125436128171174
16, 176, 0.127410794718052
16, 177, 0.129393263131766
16, 178, 0.131382639934171
16, 179, 0.133378024826418
16, 180, 0.135378511849229
16, 181, 0.137383190542972
16, 182, 0.139391147104414
16, 183, 0.141401465536964
16, 184, 0.143413228791432
16, 185, 0.14542551989431
16, 186, 0.147437423060749
16, 187, 0.149448024789498
16, 188, 0.151456414937167
16, 189, 0.153461687769337
16, 190, 0.155462942986133
16, 191, 0.157459286720043
16, 192, 0.159449832503872
16, 193, 0.161433702206898
16, 194, 0.16341002693742
16, 195, 0.165377947910043
16, 196, 0.167336617276199
16, 197, 0.169285198916546
16, 198, 0.171222869194055
16, 199, 0.173148817666718
16, 200, 0.175062247758983
16, 201, 0.176962377391177
16, 202, 0.178848439566281
16, 203, 0.180719682913624
16, 204, 0.18257537218915
16, 205, 0.184414788732091
16, 206, 0.186237230877971
16, 207, 0.188042014328041
16, 208, 0.189828472475335
16, 209, 0.191595956687654
16, 210, 0.193343836547945
16, 211, 0.195071500052584
16, 212, 0.196778353768237
16, 213, 0.198463822948044
16, 214, 0.200127351607949
16, 215, 0.201768402564136
16, 216, 0.203386457432551
16, 217, 0.204981016591621
16, 218, 0.206551599109323
16, 219, 0.208097742635817
16, 220, 0.209619003262941
16, 221, 0.2111149553519
16, 222, 0.212585191330539
16, 223, 0.214029321461622
16, 224, 0.215446973583596
16, 225, 0.216837792825343
16, 226, 0.218201441296431
16, 227, 0.21953759775445
16, 228, 0.220845957250967
16, 229, 0.222126230757721
16, 230, 0.223378144774632
16, 231, 0.224601440921231
16, 232, 0.225795875513116
16, 233, 0.226961219125038
16, 234, 0.22809725614219
16, 235, 0.229203784301331
16, 236, 0.230280614223251
16, 237, 0.231327568938197
16, 238, 0.232344483405756
16, 239, 0.23333120403072
16, 240, 0.234287588176432
16, 241, 0.235213503677072
16, 242, 0.236108828350307
16, 243, 0.236973449511732
16, 244, 0.237807263492426
16, 245, 0.238610175161025
16, 246, 0.239382097451538
16, 247, 0.24012295089822
16, 248, 0.240832663178678
16, 249, 0.24151116866642
16, 250, 0.242158407993965
16, 251, 0.242774327627604
16, 252, 0.243358879454865
16, 253, 0.243912020385688
16, 254, 0.244433711968248
16, 255, 0.244923920020357
16, 256, 0.245382614277293
16, 257, 0.245809768056868
16, 258, 0.246205357942516
16, 259, 0.246569363485101
16, 260, 0.246901766924125
16, 261, 0.247202552928962
16, 262, 0.247471708360661
16, 263, 0.247709222054878
16, 264, 0.247915084626378
16, 265, 0.248089288295546
16, 266, 0.248231826737276
16, 267, 0.248342694952559
16, 268, 0.248421889163044
16, 269, 0.2484694067288
16, 270, 0.248485246089448
16, 271, 0.248469406728799
16, 272, 0.248421889163044
16, 273, 0.248342694952559
16, 274, 0.248231826737277
16, 275, 0.248089288295546
16, 276, 0.247915084626378
16, 277, 0.247709222054878
16, 278, 0.247471708360661
16, 279, 0.247202552928962
16, 280, 0.246901766924125
16, 281, 0.246569363485101
16, 282, 0.246205357942516
16, 283, 0.245809768056868
16, 284, 0.245382614277293
16, 285, 0.244923920020357
16, 286, 0.244433711968248
16, 287, 0.243912020385688
16, 288, 0.243358879454865
16, 289, 0.242774327627604
16, 290, 0.242158407993966
16, 291, 0.241511168666419
16, 292, 0.240832663178678
16, 293, 0.24012295089822
16, 294, 0.239382097451538
16, 295, 0.238610175161024
16, 296, 0.237807263492426
16, 297, 0.236973449511733
16, 298, 0.236108828350309
16, 299, 0.235213503677071
16, 300, 0.234287588176431
16, 301, 0.233331204030719
16, 302, 0.232344483405756
16, 303, 0.231327568938198
16, 304, 0.23028061422325
16, 305, 0.229203784301331
16, 306, 0.228097256142191
16, 307, 0.226961219125037
16, 308, 0.225795875513116
16, 309, 0.22460144092123
16, 310, 0.223378144774631
16, 311, 0.222126230757721
16, 312, 0.220845957250967
16, 313, 0.21953759775445
16, 314, 0.218201441296432
16, 315, 0.216837792825343
16, 316, 0.215446973583596
16, 317, 0.214029321461622
16, 318, 0.212585191330539
16, 319, 0.2111149553519
16, 320, 0.209619003262941
16, 321, 0.208097742635817
16, 322, 0.206551599109323
16, 323, 0.204981016591622
16, 324, 0.203386457432551
16, 325, 0.201768402564136
16, 326, 0.200127351607949
16, 327, 0.198463822948045
16, 328, 0.196778353768237
16, 329, 0.195071500052584
16, 330, 0.193343836547944
16, 331, 0.191595956687654
16, 332, 0.189828472475334
16, 333, 0.188042014328042
16, 334, 0.18623723087797
16, 335, 0.184414788732091
16, 336, 0.18257537218915
16, 337, 0.180719682913624
16, 338, 0.17884843956628
16, 339, 0.176962377391177
16, 340, 0.175062247758984
16, 341, 0.173148817666718
16, 342, 0.171222869194056
16, 343, 0.169285198916546
16, 344, 0.167336617276199
16, 345, 0.165377947910043
16, 346, 0.16341002693742
16, 347, 0.161433702206899
16, 348, 0.159449832503872
16, 349, 0.157459286720043
16, 350, 0.155462942986133
16, 351, 0.153461687769337
16, 352, 0.151456414937167
16, 353, 0.149448024789498
16, 354, 0.147437423060749
16, 355, 0.14542551989431
16, 356, 0.143413228791432
16, 357, 0.141401465536964
16, 358, 0.139391147104414
16, 359, 0.137383190542973
16, 360, 0.135378511849229
17, 0, 0.135024314723942
17, 1, 0.13290586518182
17, 2, 0.130793106735203
17, 3, 0.12868703667384
17, 4, 0.126588646110048
17, 5, 0.124498918617263
17, 6, 0.122418828870611
17, 7, 0.120349341293479
17, 8, 0.118291408714111
17, 9, 0.116245971036372
17, 10, 0.114213953928718
17, 11, 0.112196267535506
17, 12, 0.110193805214751
17, 13, 0.108207442306347
17, 14, 0.106238034934783
17, 15, 0.104286418850256
17, 16, 0.102353408312056
17, 17, 0.100439795017912
17, 18, 0.098546347082934
17, 19, 0.0966738080715668
17, 20, 0.094822896085908
17, 21, 0.0929943029134296
17, 22, 0.0911886932370694
17, 23, 0.0894067039103763
17, 24, 0.0876489433001794
17, 25, 0.0859159906990408
17, 26, 0.0842083958094382
17, 27, 0.0825266783014334
17, 28, 0.080871327445282
17, 29, 0.079242801820102
17, 30, 0.077641529099578
17, 31, 0.0760679059151955
17, 32, 0.074522297797401
17, 33, 0.0730050391946388
17, 34, 0.0715164335699937
17, 35, 0.0700567535748825
17, 36, 0.0686262412989036
17, 37, 0.0672251085947332
17, 38, 0.0658535374765924
17, 39, 0.0645116805906724
17, 40, 0.0631996617554966
17, 41, 0.0619175765700862
17, 42, 0.0606654930874808
17, 43, 0.0594434525509698
17, 44, 0.0582514701902152
17, 45, 0.0570895360741956
17, 46, 0.055957616017797
17, 47, 0.0548556525386785
17, 48, 0.0537835658609183
17, 49, 0.0527412549618275
17, 50, 0.0517285986582256
17, 51, 0.0507454567283653
17, 52, 0.049791671065672
17, 53, 0.0488670668603811
17, 54, 0.0479714538051435
17, 55, 0.0471046273206815
17, 56, 0.0462663697975262
17, 57, 0.0454564518499799
17, 58, 0.0446746335783825
17, 59, 0.0439206658359217
17, 60, 0.0431942914961863
17, 61, 0.0424952467178445
17, 62, 0.0418232622028411
17, 63, 0.0411780644446357
17, 64, 0.0405593769631552
17, 65, 0.0399669215231569
17, 66, 0.039400419332949
17, 67, 0.0388595922204138
17, 68, 0.0383441637835295
17, 69, 0.0378538605126579
17, 70, 0.037388412882016
17, 71, 0.0369475564079144
17, 72, 0.0365310326714739
17, 73, 0.0361385903036587
17, 74, 0.0357699859306526
17, 75, 0.0354249850776697
17, 76, 0.035103363029512
17, 77, 0.0348049056462475
17, 78, 0.034529410132556
17, 79, 0.03427668575938
17, 80, 0.0340465545366876
17, 81, 0.0338388518362048
17, 82, 0.0336534269631484
17, 83, 0.0334901436760374
17, 84, 0.0333488806538288
17, 85, 0.0332295319096563
17, 86, 0.0331320071505732
17, 87, 0.0330562320828068
17, 88, 0.0330021486620754
17, 89, 0.0329697152886336
17, 90, 0.0329589069467797
17, 91, 0.0329697152886335
17, 92, 0.0330021486620754
17, 93, 0.0330562320828068
17, 94, 0.0331320071505732
17, 95, 0.0332295319096562
17, 96, 0.0333488806538287
17, 97, 0.0334901436760373
17, 98, 0.0336534269631485
17, 99, 0.0338388518362049
17, 100, 0.0340465545366876
17, 101, 0.03427668575938
17, 102, 0.0345294101325561
17, 103, 0.0348049056462474
17, 104, 0.0351033630295121
17, 105, 0.0354249850776695
17, 106, 0.0357699859306527
17, 107, 0.0361385903036587
17, 108, 0.0365310326714738
17, 109, 0.0369475564079145
17, 110, 0.0373884128820159
17, 111, 0.037853860512658
17, 112, 0.0383441637835295
17, 113, 0.0388595922204138
17, 114, 0.0394004193329489
17, 115, 0.0399669215231569
17, 116, 0.0405593769631552
17, 117, 0.0411780644446357
17, 118, 0.0418232622028413
17, 119, 0.0424952467178446
17, 120, 0.0431942914961861
17, 121, 0.0439206658359216
17, 122, 0.0446746335783824
17, 123, 0.0454564518499798
17, 124, 0.0462663697975262
17, 125, 0.0471046273206815
17, 126, 0.0479714538051435
17, 127, 0.048867066860381
17, 128, 0.0497916710656719
17, 129, 0.0507454567283653
17, 130, 0.0517285986582257
17, 131, 0.0527412549618278
17, 132, 0.0537835658609186
17, 133, 0.0548556525386784
17, 134, 0.0559576160177972
17, 135, 0.0570895360741955
17, 136, 0.0582514701902154
17, 137, 0.0594434525509701
17, 138, 0.0606654930874806
17, 139, 0.0619175765700862
17, 140, 0.0631996617554965
17, 141, 0.0645116805906722
17, 142, 0.0658535374765921
17, 143, 0.0672251085947318
17, 144, 0.068626241298905
17, 145, 0.0700567535748822
17, 146, 0.0715164335699937
17, 147, 0.07300503919464
17, 148, 0.0745222977974014
17, 149, 0.0760679059151951
17, 150, 0.077641529099578
17, 151, 0.079242801820102
17, 152, 0.0808713274452817
17, 153, 0.0825266783014335
17, 154, 0.0842083958094383
17, 155, 0.0859159906990409
17, 156, 0.0876489433001792
17, 157, 0.0894067039103763
17, 158, 0.091188693237069
17, 159, 0.0929943029134294
17, 160, 0.0948228960859079
17, 161, 0.0966738080715668
17, 162, 0.0985463470829338
17, 163, 0.100439795017912
17, 164, 0.102353408312056
17, 165, 0.104286418850256
17, 166, 0.106238034934783
17, 167, 0.108207442306347
17, 168, 0.110193805214751
17, 169, 0.112196267535506
17, 170, 0.114213953928718
17, 171, 0.116245971036372
17, 172, 0.118291408714111
17, 173, 0.120349341293478
17, 174, 0.122418828870611
17, 175, 0.124498918617262
17, 176, 0.126588646110047
17, 177, 0.12868703667384
17, 178, 0.130793106735203
17, 179, 0.132905865181821
17, 180, 0.135024314723941
17, 181, 0.13714745325389
17, 182, 0.139274275199821
17, 183, 0.141403772869955
17, 184, 0.143534937783659
17, 185, 0.145666761985873
17, 186, 0.147798239341477
17, 187, 0.149928366806362
17, 188, 0.152056145672133
17, 189, 0.154180582781496
17, 190, 0.156300691711579
17, 191, 0.158415493922561
17, 192, 0.160524019869267
17, 193, 0.162625310073409
17, 194, 0.164718416154488
17, 195, 0.166802401817449
17, 196, 0.168876343795438
17, 197, 0.170939332746159
17, 198, 0.172990474100519
17, 199, 0.175028888862435
17, 200, 0.177053714358886
17, 201, 0.179064104939409
17, 202, 0.181059232624498
17, 203, 0.183038287702458
17, 204, 0.185000479274468
17, 205, 0.186945035747809
17, 206, 0.188871205277273
17, 207, 0.190778256154999
17, 208, 0.192665477149145
17, 209, 0.194532177791817
17, 210, 0.196377688616995
17, 211, 0.198201361349118
17, 212, 0.200002569043315
17, 213, 0.201780706178199
17, 214, 0.203535188702354
17, 215, 0.205265454035731
17, 216, 0.206970961027207
17, 217, 0.208651189869719
17, 218, 0.210305641974387
17, 219, 0.211933839805165
17, 220, 0.213535326675638
17, 221, 0.215109666509511
17, 222, 0.216656443566614
17, 223, 0.218175262136024
17, 224, 0.2196657461982
17, 225, 0.221127539057838
17, 226, 0.222560302949348
17, 227, 0.223963718616756
17, 228, 0.225337484869945
17, 229, 0.22668131811907
17, 230, 0.227994951889071
17, 231, 0.229278136316117
17, 232, 0.23053063762793
17, 233, 0.231752237609777
17, 234, 0.232942733058079
17, 235, 0.234101935223395
17, 236, 0.235229669244651
17, 237, 0.236325773576421
17, 238, 0.237390099410971
17, 239, 0.238422510096904
17, 240, 0.239422880556012
17, 241, 0.240391096700084
17, 242, 0.241327054849284
17, 243, 0.242230661153669
17, 244, 0.24310183101946
17, 245, 0.243940488541518
17, 246, 0.244746565943535
17, 247, 0.24552000302733
17, 248, 0.246260746632643
17, 249, 0.246968750108746
17, 250, 0.247643972799126
17, 251, 0.248286379540482
17, 252, 0.248895940177199
17, 253, 0.249472629092399
17, 254, 0.25001642475668
17, 255, 0.250527309295473
17, 256, 0.251005268076055
17, 257, 0.251450289315064
17, 258, 0.251862363707404
17, 259, 0.252241484077263
17, 260, 0.25258764505209
17, 261, 0.252900842760094
17, 262, 0.253181074551992
17, 263, 0.253428338747492
17, 264, 0.253642634407131
17, 265, 0.253823961129805
17, 266, 0.253972318876519
17, 267, 0.254087707820627
17, 268, 0.254170128224908
17, 269, 0.254219580345704
17, 270, 0.254236064364298
17, 271, 0.254219580345704
17, 272, 0.254170128224909
17, 273, 0.254087707820625
17, 274, 0.253972318876518
17, 275, 0.253823961129805
17, 276, 0.253642634407131
17, 277, 0.253428338747494
17, 278, 0.253181074551992
17, 279, 0.252900842760094
17, 280, 0.25258764505209
17, 281, 0.252241484077264
17, 282, 0.251862363707404
17, 283, 0.251450289315064
17, 284, 0.251005268076053
17, 285, 0.250527309295472
17, 286, 0.250016424756681
17, 287, 0.249472629092399
17, 288, 0.248895940177197
17, 289, 0.248286379540482
17, 290, 0.247643972799126
17, 291, 0.246968750108747
17, 292, 0.246260746632643
17, 293, 0.245520003027329
17, 294, 0.244746565943534
17, 295, 0.243940488541518
17, 296, 0.24310183101946
17, 297, 0.242230661153669
17, 298, 0.241327054849284
17, 299, 0.240391096700086
17, 300, 0.239422880556014
17, 301, 0.238422510096905
17, 302, 0.237390099410971
17, 303, 0.23632577357642
17, 304, 0.235229669244652
17, 305, 0.234101935223395
17, 306, 0.232942733058079
17, 307, 0.231752237609776
17, 308, 0.230530637627928
17, 309, 0.229278136316117
17, 310, 0.227994951889072
17, 311, 0.22668131811907
17, 312, 0.225337484869945
17, 313, 0.223963718616753
17, 314, 0.222560302949346
17, 315, 0.221127539057839
17, 316, 0.2196657461982
17, 317, 0.218175262136024
17, 318, 0.216656443566613
17, 319, 0.215109666509512
17, 320, 0.213535326675638
17, 321, 0.211933839805166
17, 322, 0.210305641974385
17, 323, 0.208651189869721
17, 324, 0.206970961027209
17, 325, 0.205265454035731
17, 326, 0.203535188702354
17, 327, 0.201780706178199
17, 328, 0.200002569043316
17, 329, 0.198201361349118
17, 330, 0.196377688616994
17, 331, 0.194532177791818
17, 332, 0.192665477149145
17, 333, 0.190778256154999
17, 334, 0.188871205277272
17, 335, 0.18694503574781
17, 336, 0.185000479274468
17, 337, 0.183038287702459
17, 338, 0.181059232624498
17, 339, 0.179064104939409
17, 340, 0.177053714358885
17, 341, 0.175028888862436
17, 342, 0.172990474100519
17, 343, 0.170939332746158
17, 344, 0.168876343795439
17, 345, 0.166802401817449
17, 346, 0.164718416154489
17, 347, 0.162625310073409
17, 348, 0.160524019869267
17, 349, 0.158415493922561
17, 350, 0.156300691711579
17, 351, 0.154180582781496
17, 352, 0.152056145672133
17, 353, 0.149928366806363
17, 354, 0.147798239341476
17, 355, 0.145666761985874
17, 356, 0.143534937783659
17, 357, 0.141403772869955
17, 358, 0.139274275199821
17, 359, 0.137147453253891
17, 360, 0.135024314723942
18, 0, 0.13464274040082
18, 1, 0.132407852761486
18, 2, 0.130179271586933
18, 3, 0.127958090629711
18, 4, 0.12574539697394
18, 5, 0.12354226945121
18, 6, 0.121349777056876
18, 7, 0.119168977371523
18, 8, 0.117000914992462
18, 9, 0.114846619980177
18, 10, 0.112707106324717
18, 11, 0.110583370436932
18, 12, 0.108476389669603
18, 13, 0.106387120873315
18, 14, 0.104316498992026
18, 15, 0.102265435703046
18, 16, 0.100234818106208
18, 17, 0.0982255074667128
18, 18, 0.0962383380161309
18, 19, 0.094274115815767
18, 20, 0.0923336176864296
18, 21, 0.0904175902084628
18, 22, 0.088526748795602
18, 23, 0.086661776845986
18, 24, 0.0848233249733886
18, 25, 0.0830120103214139
18, 26, 0.0812284159630963
18, 27, 0.0794730903880452
18, 28, 0.0777465470788932
18, 29, 0.0760492641785053
18, 30, 0.0743816842490148
18, 31, 0.0727442141234116
18, 32, 0.0711372248500599
18, 33, 0.0695610517300825
18, 34, 0.0680159944472975
18, 35, 0.0665023172899218
18, 36, 0.0650202494629689
18, 37, 0.0635699854898751
18, 38, 0.0621516857015917
18, 39, 0.0607654768109851
18, 40, 0.0594114525701426
18, 41, 0.058089674507829
18, 42, 0.0568001727440754
18, 43, 0.0555429468786012
18, 44, 0.0543179669495586
18, 45, 0.0531251744587916
18, 46, 0.0519644834596887
18, 47, 0.0508357817034467
18, 48, 0.0497389318394546
18, 49, 0.0486737726653367
18, 50, 0.0476401204221327
18, 51, 0.0466377701299288
18, 52, 0.0456664969592756
18, 53, 0.0447260576336247
18, 54, 0.0438161918580332
18, 55, 0.0429366237693727
18, 56, 0.0420870634033314
18, 57, 0.0412672081734962
18, 58, 0.0404767443579349
18, 59, 0.0397153485887233
18, 60, 0.038982689339998
18, 61, 0.0382784284102155
18, 62, 0.037602222394447
18, 63, 0.0369537241426421
18, 64, 0.0363325842000001
18, 65, 0.0357384522257015
18, 66, 0.0351709783864486
18, 67, 0.0346298147214254
18, 68, 0.0341146164754768
18, 69, 0.0336250433974699
18, 70, 0.033160761001006
18, 71, 0.0327214417848094
18, 72, 0.0323067664103233
18, 73, 0.0319164248341964
18, 74, 0.031550117393539
18, 75, 0.0312075558419878
18, 76, 0.0308884643347819
18, 77, 0.0305925803611956
18, 78, 0.030319655622879
18, 79, 0.0300694568567098
18, 80, 0.0298417666010014
18, 81, 0.0296363839039357
18, 82, 0.0294531249733175
18, 83, 0.0292918237667449
18, 84, 0.0291523325215169
18, 85, 0.0290345222235866
18, 86, 0.0289382830150456
18, 87, 0.028863524539663
18, 88, 0.0288101762261017
18, 89, 0.0287781875085022
18, 90, 0.0287675279842169
18, 91, 0.0287781875085022
18, 92, 0.0288101762261018
18, 93, 0.0288635245396628
18, 94, 0.0289382830150456
18, 95, 0.0290345222235867
18, 96, 0.029152332521517
18, 97, 0.0292918237667448
18, 98, 0.0294531249733174
18, 99, 0.0296363839039359
18, 100, 0.0298417666010015
18, 101, 0.0300694568567098
18, 102, 0.030319655622879
18, 103, 0.0305925803611954
18, 104, 0.0308884643347819
18, 105, 0.0312075558419879
18, 106, 0.0315501173935389
18, 107, 0.0319164248341963
18, 108, 0.0323067664103232
18, 109, 0.0327214417848096
18, 110, 0.033160761001006
18, 111, 0.03362504339747
18, 112, 0.0341146164754769
18, 113, 0.0346298147214256
18, 114, 0.0351709783864486
18, 115, 0.0357384522257014
18, 116, 0.0363325842000001
18, 117, 0.0369537241426423
18, 118, 0.037602222394447
18, 119, 0.0382784284102156
18, 120, 0.0389826893399981
18, 121, 0.0397153485887234
18, 122, 0.0404767443579348
18, 123, 0.0412672081734964
18, 124, 0.0420870634033313
18, 125, 0.0429366237693728
18, 126, 0.0438161918580331
18, 127, 0.0447260576336248
18, 128, 0.0456664969592756
18, 129, 0.0466377701299289
18, 130, 0.0476401204221327
18, 131, 0.0486737726653376
18, 132, 0.0497389318394545
18, 133, 0.0508357817034468
18, 134, 0.0519644834596887
18, 135, 0.0531251744587915
18, 136, 0.0543179669495585
18, 137, 0.0555429468786015
18, 138, 0.0568001727440754
18, 139, 0.0580896745078289
18, 140, 0.0594114525701425
18, 141, 0.0607654768109851
18, 142, 0.0621516857015918
18, 143, 0.0635699854898751
18, 144, 0.0650202494629687
18, 145, 0.066502317289922
18, 146, 0.0680159944472973
18, 147, 0.0695610517300828
18, 148, 0.0711372248500597
18, 149, 0.0727442141234119
18, 150, 0.0743816842490148
18, 151, 0.0760492641785054
18, 152, 0.0777465470788933
18, 153, 0.0794730903880451
18, 154, 0.0812284159630959
18, 155, 0.0830120103214141
18, 156, 0.0848233249733889
18, 157, 0.0866617768459857
18, 158, 0.0885267487956018
18, 159, 0.0904175902084631
18, 160, 0.0923336176864293
18, 161, 0.0942741158157669
18, 162, 0.0962383380161312
18, 163, 0.0982255074667125
18, 164, 0.100234818106208
18, 165, 0.102265435703046
18, 166, 0.104316498992026
18, 167, 0.106387120873315
18, 168, 0.108476389669604
18, 169, 0.110583370436932
18, 170, 0.112707106324717
18, 171, 0.114846619980177
18, 172, 0.117000914992461
18, 173, 0.119168977371523
18, 174, 0.121349777056876
18, 175, 0.12354226945121
18, 176, 0.12574539697394
18, 177, 0.127958090629711
18, 178, 0.130179271586933
18, 179, 0.132407852761485
18, 180, 0.13464274040082
18, 181, 0.136882835663722
18, 182, 0.139127036191202
18, 183, 0.141374237664022
18, 184, 0.143623335342606
18, 185, 0.145873225585122
18, 186, 0.14812280733981
18, 187, 0.150370983607771
18, 188, 0.152616662872577
18, 189, 0.154858760493357
18, 190, 0.157096200058164
18, 191, 0.15932791469462
18, 192, 0.161552848335171
18, 193, 0.163769956934329
18, 194, 0.165978209635716
18, 195, 0.168176589886737
18, 196, 0.170364096499142
18, 197, 0.172539744653767
18, 198, 0.174702566848153
18, 199, 0.176851613785823
18, 200, 0.178985955206274
18, 201, 0.181104680654974
18, 202, 0.183206900192805
18, 203, 0.185291745044662
18, 204, 0.187358368187045
18, 205, 0.189405944874729
18, 206, 0.191433673106751
18, 207, 0.19344077403211
18, 208, 0.195426492295812
18, 209, 0.197390096325935
18, 210, 0.199330878562674
18, 211, 0.201248155630339
18, 212, 0.203141268453528
18, 213, 0.205009582318709
18, 214, 0.206852486882663
18, 215, 0.208669396129276
18, 216, 0.210459748276302
18, 217, 0.212223005633779
18, 218, 0.21395865441592
18, 219, 0.215666204508287
18, 220, 0.217345189192212
18, 221, 0.218995164828421
18, 222, 0.220615710501897
18, 223, 0.222206427630067
18, 224, 0.223766939536406
18, 225, 0.22529689099161
18, 226, 0.226795947724489
18, 227, 0.228263795904772
18, 228, 0.22970014159999
18, 229, 0.231104710208662
18, 230, 0.232477245871935
18, 231, 0.233817510865902
18, 232, 0.235125284976729
18, 233, 0.236400364860799
18, 234, 0.237642563391954
18, 235, 0.238851708997994
18, 236, 0.240027644988485
18, 237, 0.24117022887594
18, 238, 0.24227933169238
18, 239, 0.243354837303264
18, 240, 0.244396641720696
18, 241, 0.245404652417842
18, 242, 0.246378787646354
18, 243, 0.247318975758614
18, 244, 0.248225154536544
18, 245, 0.249097270528674
18, 246, 0.249935278397095
18, 247, 0.250739140275878
18, 248, 0.251508825142484
18, 249, 0.252244308203635
18, 250, 0.252945570297041
18, 251, 0.253612597310346
18, 252, 0.254245379618559
18, 253, 0.254843911541222
18, 254, 0.255408190820454
18, 255, 0.255938218120995
18, 256, 0.256433996553295
18, 257, 0.2568955312206
18, 258, 0.257322828791016
18, 259, 0.257715897095332
18, 260, 0.258074744751485
18, 261, 0.258399380816333
18, 262, 0.25868981446548
18, 263, 0.258946054701698
18, 264, 0.259168110092599
18, 265, 0.259355988537943
18, 266, 0.259509697067135
18, 267, 0.259629241667202
18, 268, 0.259714627141621
18, 269, 0.259765857000244
18, 270, 0.259782933380536
18, 271, 0.259765857000244
18, 272, 0.259714627141622
18, 273, 0.259629241667202
18, 274, 0.259509697067135
18, 275, 0.259355988537943
18, 276, 0.259168110092599
18, 277, 0.258946054701699
18, 278, 0.258689814465479
18, 279, 0.258399380816333
18, 280, 0.258074744751486
18, 281, 0.257715897095331
18, 282, 0.257322828791017
18, 283, 0.2568955312206
18, 284, 0.256433996553294
18, 285, 0.255938218120994
18, 286, 0.255408190820454
18, 287, 0.254843911541224
18, 288, 0.254245379618558
18, 289, 0.253612597310346
18, 290, 0.252945570297042
18, 291, 0.252244308203634
18, 292, 0.251508825142484
18, 293, 0.250739140275879
18, 294, 0.249935278397094
18, 295, 0.249097270528673
18, 296, 0.248225154536544
18, 297, 0.247318975758614
18, 298, 0.246378787646355
18, 299, 0.245404652417843
18, 300, 0.244396641720695
18, 301, 0.243354837303262
18, 302, 0.242279331692379
18, 303, 0.24117022887594
18, 304, 0.240027644988486
18, 305, 0.238851708997993
18, 306, 0.237642563391955
18, 307, 0.236400364860798
18, 308, 0.235125284976729
18, 309, 0.233817510865902
18, 310, 0.232477245871934
18, 311, 0.23110471020866
18, 312, 0.22970014159999
18, 313, 0.22826379590477
18, 314, 0.226795947724489
18, 315, 0.225296890991611
18, 316, 0.223766939536406
18, 317, 0.222206427630067
18, 318, 0.220615710501898
18, 319, 0.21899516482842
18, 320, 0.217345189192213
18, 321, 0.215666204508287
18, 322, 0.21395865441592
18, 323, 0.21222300563378
18, 324, 0.210459748276304
18, 325, 0.208669396129276
18, 326, 0.206852486882663
18, 327, 0.205009582318709
18, 328, 0.20314126845353
18, 329, 0.20124815563034
18, 330, 0.199330878562674
18, 331, 0.197390096325935
18, 332, 0.195426492295812
18, 333, 0.193440774032111
18, 334, 0.19143367310675
18, 335, 0.18940594487473
18, 336, 0.187358368187045
18, 337, 0.185291745044662
18, 338, 0.183206900192805
18, 339, 0.181104680654974
18, 340, 0.178985955206274
18, 341, 0.176851613785823
18, 342, 0.174702566848153
18, 343, 0.172539744653767
18, 344, 0.170364096499141
18, 345, 0.168176589886738
18, 346, 0.165978209635716
18, 347, 0.163769956934329
18, 348, 0.161552848335172
18, 349, 0.15932791469462
18, 350, 0.157096200058164
18, 351, 0.154858760493356
18, 352, 0.152616662872577
18, 353, 0.150370983607771
18, 354, 0.14812280733981
18, 355, 0.145873225585122
18, 356, 0.143623335342606
18, 357, 0.141374237664021
18, 358, 0.139127036191202
18, 359, 0.136882835663723
18, 360, 0.13464274040082
19, 0, 0.134232613779398
19, 1, 0.131882967989343
19, 2, 0.129540269499331
19, 3, 0.12720571361492
19, 4, 0.124880488519053
19, 5, 0.122565773443324
19, 6, 0.120262736837347
19, 7, 0.117972534541912
19, 8, 0.115696307971712
19, 9, 0.113435182313493
19, 10, 0.111190264745631
19, 11, 0.108962642685008
19, 12, 0.106753382067239
19, 13, 0.104563525666134
19, 14, 0.102394091458316
19, 15, 0.100246071038771
19, 16, 0.0981204280930601
19, 17, 0.0960180969316889
19, 18, 0.0939399810920239
19, 19, 0.0918869520129461
19, 20, 0.0898598477871216
19, 21, 0.0878594719955946
19, 22, 0.0858865926290796
19, 23, 0.0839419411000017
19, 24, 0.0820262113490415
19, 25, 0.080140059049515
19, 26, 0.078284100912626
19, 27, 0.0764589140961404
19, 28, 0.0746650357186613
19, 29, 0.0729029624812857
19, 30, 0.0711731503979113
19, 31, 0.0694760146350834
19, 32, 0.0678119294617858
19, 33, 0.0661812283091391
19, 34, 0.0645842039395082
19, 35, 0.0630211087240917
19, 36, 0.0614921550275911
19, 37, 0.0599975156981584
19, 38, 0.0585373246604
19, 39, 0.0571116776087498
19, 40, 0.0557206327982434
19, 41, 0.0543642119292457
19, 42, 0.0530424011224136
19, 43, 0.0517551519798216
19, 44, 0.0505023827278799
19, 45, 0.0492839794374172
19, 46, 0.0480997973160516
19, 47, 0.0469496620677425
19, 48, 0.0458333713142888
19, 49, 0.0447506960733066
19, 50, 0.0437013822871751
19, 51, 0.0426851523972944
19, 52, 0.0417017069579761
19, 53, 0.0407507262842285
19, 54, 0.0398318721277272
19, 55, 0.0389447893752488
19, 56, 0.0380891077639615
19, 57, 0.0372644436079679
19, 58, 0.036470401530667
19, 59, 0.0357065761976033
19, 60, 0.0349725540445871
19, 61, 0.0342679149961022
19, 62, 0.0335922341691091
19, 63, 0.0329450835576514
19, 64, 0.0323260336937594
19, 65, 0.0317346552804814
19, 66, 0.0311705207929928
19, 67, 0.030633206044034
19, 68, 0.0301222917101242
19, 69, 0.0296373648152283
19, 70, 0.0291780201688244
19, 71, 0.0287438617554944
19, 72, 0.028334504073431
19, 73, 0.0279495734194503
19, 74, 0.0275887091183229
19, 75, 0.0272515646944397
19, 76, 0.0269378089840085
19, 77, 0.0266471271862011
19, 78, 0.026379221851804
19, 79, 0.0261338138080993
19, 80, 0.0259106430188928
19, 81, 0.0257094693786842
19, 82, 0.0255300734401485
19, 83, 0.0253722570742014
19, 84, 0.0252358440620373
19, 85, 0.0251206806185862
19, 86, 0.0250266358469932
19, 87, 0.0249536021237269
19, 88, 0.0249014954140401
19, 89, 0.0248702555175522
19, 90, 0.0248598462437899
19, 91, 0.0248702555175521
19, 92, 0.0249014954140402
19, 93, 0.0249536021237268
19, 94, 0.0250266358469933
19, 95, 0.0251206806185862
19, 96, 0.0252358440620372
19, 97, 0.0253722570742014
19, 98, 0.0255300734401485
19, 99, 0.0257094693786842
19, 100, 0.0259106430188927
19, 101, 0.0261338138080994
19, 102, 0.0263792218518041
19, 103, 0.0266471271862011
19, 104, 0.0269378089840085
19, 105, 0.0272515646944397
19, 106, 0.0275887091183228
19, 107, 0.0279495734194505
19, 108, 0.0283345040734311
19, 109, 0.0287438617554943
19, 110, 0.0291780201688244
19, 111, 0.0296373648152283
19, 112, 0.0301222917101243
19, 113, 0.0306332060440339
19, 114, 0.0311705207929929
19, 115, 0.0317346552804815
19, 116, 0.0323260336937595
19, 117, 0.0329450835576514
19, 118, 0.03359223416911
19, 119, 0.0342679149961022
19, 120, 0.0349725540445881
19, 121, 0.035706576197603
19, 122, 0.0364704015306672
19, 123, 0.0372644436079679
19, 124, 0.0380891077639615
19, 125, 0.0389447893752488
19, 126, 0.0398318721277276
19, 127, 0.0407507262842282
19, 128, 0.0417017069579762
19, 129, 0.0426851523972944
19, 130, 0.043701382287175
19, 131, 0.0447506960733065
19, 132, 0.0458333713142887
19, 133, 0.0469496620677427
19, 134, 0.0480997973160513
19, 135, 0.0492839794374171
19, 136, 0.0505023827278798
19, 137, 0.0517551519798215
19, 138, 0.0530424011224135
19, 139, 0.0543642119292458
19, 140, 0.0557206327982435
19, 141, 0.0571116776087496
19, 142, 0.0585373246603999
19, 143, 0.0599975156981584
19, 144, 0.0614921550275908
19, 145, 0.0630211087240917
19, 146, 0.0645842039395082
19, 147, 0.0661812283091392
19, 148, 0.0678119294617856
19, 149, 0.0694760146350833
19, 150, 0.0711731503979113
19, 151, 0.0729029624812855
19, 152, 0.0746650357186602
19, 153, 0.0764589140961405
19, 154, 0.0782841009126256
19, 155, 0.0801400590495151
19, 156, 0.0820262113490416
19, 157, 0.083941941100003
19, 158, 0.0858865926290799
19, 159, 0.0878594719955946
19, 160, 0.0898598477871211
19, 161, 0.0918869520129465
19, 162, 0.0939399810920244
19, 163, 0.0960180969316889
19, 164, 0.0981204280930605
19, 165, 0.100246071038772
19, 166, 0.102394091458315
19, 167, 0.104563525666134
19, 168, 0.10675338206724
19, 169, 0.108962642685008
19, 170, 0.111190264745632
19, 171, 0.113435182313493
19, 172, 0.115696307971713
19, 173, 0.117972534541913
19, 174, 0.120262736837347
19, 175, 0.122565773443324
19, 176, 0.124880488519053
19, 177, 0.12720571361492
19, 178, 0.129540269499331
19, 179, 0.131882967989343
19, 180, 0.134232613779398
19, 181, 0.136588006262588
19, 182, 0.138947941339068
19, 183, 0.141311213206376
19, 184, 0.143676616126639
19, 185, 0.146042946165806
19, 186, 0.148409002900312
19, 187, 0.150773591086799
19, 188, 0.153135522290759
19, 189, 0.155493616470186
19, 190, 0.157846703510695
19, 191, 0.160193624708663
19, 192, 0.162533234199408
19, 193, 0.164864400327522
19, 194, 0.167186006956907
19, 195, 0.169496954718175
19, 196, 0.17179616219154
19, 197, 0.174082567023417
19, 198, 0.176355126975297
19, 199, 0.178612820903802
19, 200, 0.180854649670899
19, 201, 0.183079636983686
19, 202, 0.185286830163288
19, 203, 0.187475300842694
19, 204, 0.189644145593588
19, 205, 0.191792486482367
19, 206, 0.193919471555914
19, 207, 0.196024275257708
19, 208, 0.198106098775127
19, 209, 0.200164170319043
19, 210, 0.202197745336794
19, 211, 0.204206106660004
19, 212, 0.20618856458863
19, 213, 0.208144456912971
19, 214, 0.210073148875328
19, 215, 0.211974033073219
19, 216, 0.213846529306114
19, 217, 0.215690084367751
19, 218, 0.217504171786221
19, 219, 0.21928829151403
19, 220, 0.221041969570408
19, 221, 0.222764757638277
19, 222, 0.224456232618243
19, 223, 0.226115996142049
19, 224, 0.227743674047987
19, 225, 0.22933891582075
19, 226, 0.230901393998253
19, 227, 0.232430803547921
19, 228, 0.233926861215007
19, 229, 0.235389304845456
19, 230, 0.236817892685805
19, 231, 0.238212402662652
19, 232, 0.239572631644153
19, 233, 0.240898394686022
19, 234, 0.242189524264447
19, 235, 0.243445869498286
19, 236, 0.244667295362969
19, 237, 0.245853681898314
19, 238, 0.247004923412609
19, 239, 0.24812092768512
19, 240, 0.249201615169212
19, 241, 0.250246918198166
19, 242, 0.251256780195764
19, 243, 0.25223115489362
19, 244, 0.253170005557191
19, 245, 0.254073304222324
19, 246, 0.254941030944151
19, 247, 0.255773173060061
19, 248, 0.256569724468423
19, 249, 0.257330684924656
19, 250, 0.258056059356198
19, 251, 0.258745857197806
19, 252, 0.259400091748637
19, 253, 0.260018779552374
19, 254, 0.260601939801735
19, 255, 0.261149593768466
19, 256, 0.261661764260046
19, 257, 0.262138475104069
19, 258, 0.262579750661357
19, 259, 0.262985615368668
19, 260, 0.263356093311916
19, 261, 0.263691207830656
19, 262, 0.26399098115454
19, 263, 0.264255434072453
19, 264, 0.264484585634889
19, 265, 0.264678452890085
19, 266, 0.264837050654421
19, 267, 0.264960391317464
19, 268, 0.265048484681961
19, 269, 0.265101337839149
19, 270, 0.265118955079504
19, 271, 0.265101337839148
19, 272, 0.26504848468196
19, 273, 0.264960391317465
19, 274, 0.264837050654423
19, 275, 0.264678452890086
19, 276, 0.264484585634888
19, 277, 0.264255434072452
19, 278, 0.26399098115454
19, 279, 0.263691207830655
19, 280, 0.263356093311917
19, 281, 0.262985615368667
19, 282, 0.262579750661357
19, 283, 0.262138475104069
19, 284, 0.261661764260046
19, 285, 0.261149593768466
19, 286, 0.260601939801735
19, 287, 0.260018779552376
19, 288, 0.259400091748637
19, 289, 0.258745857197807
19, 290, 0.258056059356198
19, 291, 0.257330684924656
19, 292, 0.256569724468423
19, 293, 0.255773173060061
19, 294, 0.254941030944151
19, 295, 0.254073304222324
19, 296, 0.25317000555719
19, 297, 0.252231154893619
19, 298, 0.251256780195763
19, 299, 0.250246918198166
19, 300, 0.249201615169211
19, 301, 0.24812092768512
19, 302, 0.247004923412608
19, 303, 0.245853681898312
19, 304, 0.24466729536297
19, 305, 0.243445869498286
19, 306, 0.242189524264447
19, 307, 0.240898394686022
19, 308, 0.239572631644153
19, 309, 0.238212402662652
19, 310, 0.236817892685807
19, 311, 0.235389304845457
19, 312, 0.233926861215007
19, 313, 0.232430803547919
19, 314, 0.230901393998253
19, 315, 0.22933891582075
19, 316, 0.227743674047987
19, 317, 0.226115996142049
19, 318, 0.224456232618243
19, 319, 0.222764757638277
19, 320, 0.221041969570407
19, 321, 0.21928829151403
19, 322, 0.217504171786223
19, 323, 0.215690084367748
19, 324, 0.213846529306114
19, 325, 0.211974033073222
19, 326, 0.210073148875328
19, 327, 0.208144456912971
19, 328, 0.206188564588629
19, 329, 0.204206106660005
19, 330, 0.202197745336795
19, 331, 0.200164170319043
19, 332, 0.198106098775127
19, 333, 0.196024275257708
19, 334, 0.193919471555914
19, 335, 0.191792486482367
19, 336, 0.189644145593589
19, 337, 0.187475300842697
19, 338, 0.185286830163287
19, 339, 0.183079636983685
19, 340, 0.1808546496709
19, 341, 0.178612820903802
19, 342, 0.176355126975297
19, 343, 0.174082567023416
19, 344, 0.171796162191541
19, 345, 0.169496954718175
19, 346, 0.167186006956907
19, 347, 0.164864400327522
19, 348, 0.162533234199408
19, 349, 0.160193624708663
19, 350, 0.157846703510694
19, 351, 0.155493616470186
19, 352, 0.153135522290759
19, 353, 0.150773591086799
19, 354, 0.148409002900311
19, 355, 0.146042946165806
19, 356, 0.143676616126639
19, 357, 0.141311213206375
19, 358, 0.138947941339067
19, 359, 0.136588006262588
19, 360, 0.134232613779398
20, 0, 0.13379266778475
20, 1, 0.131330108178435
20, 2, 0.128875161309122
20, 3, 0.126429129028906
20, 4, 0.123993305661111
20, 5, 0.12156897590461
20, 6, 0.119157412733167
20, 7, 0.116759875296479
20, 8, 0.114377606829773
20, 9, 0.112011832578879
20, 10, 0.109663757747849
20, 11, 0.107334565476187
20, 12, 0.105025414852829
20, 13, 0.102737438973952
20, 14, 0.100471743051693
20, 15, 0.0982294025807113
20, 16, 0.0960114615694524
20, 17, 0.0938189308427871
20, 18, 0.0916527864224986
20, 19, 0.0895139679918556
20, 20, 0.0874033774502416
20, 21, 0.0853218775634911
20, 22, 0.0832702907152368
20, 23, 0.0812493977642155
20, 24, 0.0792599370120436
20, 25, 0.0773026032855582
20, 26, 0.0753780471373547
20, 27, 0.0734868741676526
20, 28, 0.0716296444701363
20, 29, 0.069806872203875
20, 30, 0.0680190252929073
20, 31, 0.0662665252545123
20, 32, 0.0645497471566509
20, 33, 0.0628690197044938
20, 34, 0.0612246254554021
20, 35, 0.059616801161182
20, 36, 0.0580457382358778
20, 37, 0.056511583346853
20, 38, 0.0550144391263883
20, 39, 0.0535543650005296
20, 40, 0.0521313781314463
20, 41, 0.050745454469121
20, 42, 0.0493965299077559
20, 43, 0.0480845015419143
20, 44, 0.0468092290170371
20, 45, 0.0455705359686752
20, 46, 0.044368211544479
20, 47, 0.0432020120027489
20, 48, 0.0420716623811341
20, 49, 0.0409768582289124
20, 50, 0.0399172673961393
20, 51, 0.038892531872873
20, 52, 0.0379022696716313
20, 53, 0.0369460767462202
20, 54, 0.0360235289400947
20, 55, 0.0351341839574793
20, 56, 0.034277583350558
20, 57, 0.0334532545161751
20, 58, 0.0326607126956368
20, 59, 0.0318994629713821
20, 60, 0.0311690022545018
20, 61, 0.0304688212573052
20, 62, 0.029798406445378
20, 63, 0.029157241963841
20, 64, 0.0285448115327876
20, 65, 0.0279606003071676
20, 66, 0.0274040966966657
20, 67, 0.0268747941414337
20, 68, 0.0263721928398219
20, 69, 0.0258958014245532
20, 70, 0.0254451385840797
20, 71, 0.0250197346261508
20, 72, 0.0246191329808944
20, 73, 0.0242428916409889
20, 74, 0.0238905845367621
20, 75, 0.023561802844297
20, 76, 0.0232561562248546
20, 77, 0.0229732739941439
20, 78, 0.0227128062201713
20, 79, 0.0224744247485735
20, 80, 0.0222578241545226
20, 81, 0.0220627226204311
20, 82, 0.0218888627388167
20, 83, 0.0217360122398143
20, 84, 0.0216039646429167
20, 85, 0.0214925398326108
20, 86, 0.0214015845576605
20, 87, 0.021330972853834
20, 88, 0.0212806063899361
20, 89, 0.021250414737037
20, 90, 0.0212403555608253
20, 91, 0.0212504147370371
20, 92, 0.0212806063899361
20, 93, 0.0213309728538339
20, 94, 0.0214015845576604
20, 95, 0.0214925398326109
20, 96, 0.0216039646429166
20, 97, 0.0217360122398143
20, 98, 0.0218888627388166
20, 99, 0.0220627226204312
20, 100, 0.0222578241545228
20, 101, 0.0224744247485734
20, 102, 0.0227128062201714
20, 103, 0.0229732739941439
20, 104, 0.0232561562248544
20, 105, 0.0235618028442969
20, 106, 0.0238905845367621
20, 107, 0.0242428916409888
20, 108, 0.0246191329808943
20, 109, 0.025019734626151
20, 110, 0.0254451385840796
20, 111, 0.0258958014245531
20, 112, 0.026372192839822
20, 113, 0.0268747941414338
20, 114, 0.0274040966966656
20, 115, 0.0279606003071675
20, 116, 0.0285448115327878
20, 117, 0.029157241963841
20, 118, 0.0297984064453779
20, 119, 0.0304688212573053
20, 120, 0.0311690022545021
20, 121, 0.0318994629713822
20, 122, 0.0326607126956368
20, 123, 0.0334532545161754
20, 124, 0.0342775833505579
20, 125, 0.0351341839574793
20, 126, 0.0360235289400948
20, 127, 0.0369460767462202
20, 128, 0.0379022696716314
20, 129, 0.0388925318728727
20, 130, 0.0399172673961394
20, 131, 0.0409768582289125
20, 132, 0.0420716623811343
20, 133, 0.043202012002749
20, 134, 0.0443682115444791
20, 135, 0.045570535968675
20, 136, 0.0468092290170369
20, 137, 0.0480845015419142
20, 138, 0.0493965299077562
20, 139, 0.050745454469121
20, 140, 0.0521313781314464
20, 141, 0.0535543650005295
20, 142, 0.0550144391263884
20, 143, 0.0565115833468531
20, 144, 0.0580457382358776
20, 145, 0.059616801161182
20, 146, 0.061224625455402
20, 147, 0.0628690197044935
20, 148, 0.064549747156651
20, 149, 0.0662665252545125
20, 150, 0.0680190252929072
20, 151, 0.0698068722038748
20, 152, 0.0716296444701365
20, 153, 0.0734868741676529
20, 154, 0.0753780471373548
20, 155, 0.0773026032855585
20, 156, 0.0792599370120434
20, 157, 0.0812493977642163
20, 158, 0.083270290715237
20, 159, 0.0853218775634914
20, 160, 0.0874033774502418
20, 161, 0.0895139679918557
20, 162, 0.0916527864224985
20, 163, 0.0938189308427871
20, 164, 0.096011461569452
20, 165, 0.0982294025807114
20, 166, 0.100471743051693
20, 167, 0.102737438973952
20, 168, 0.105025414852828
20, 169, 0.107334565476187
20, 170, 0.109663757747849
20, 171, 0.112011832578879
20, 172, 0.114377606829772
20, 173, 0.116759875296479
20, 174, 0.119157412733167
20, 175, 0.12156897590461
20, 176, 0.12399330566111
20, 177, 0.126429129028906
20, 178, 0.128875161309123
20, 179, 0.131330108178435
20, 180, 0.13379266778475
20, 181, 0.136261532831415
20, 182, 0.138735392643627
20, 183, 0.141212935210985
20, 184, 0.143692849200306
20, 185, 0.146173825933188
20, 186, 0.148654561322954
20, 187, 0.151133757766039
20, 188, 0.153610125983079
20, 189, 0.156082386805339
20, 190, 0.158549272902419
20, 191, 0.161009530447492
20, 192, 0.163461920716708
20, 193, 0.165905221619645
20, 194, 0.168338229158115
20, 195, 0.170759758810908
20, 196, 0.173168646842373
20, 197, 0.175563751533119
20, 198, 0.177943954331364
20, 199, 0.180308160923811
20, 200, 0.182655302225219
20, 201, 0.184984335286136
20, 202, 0.187294244118506
20, 203, 0.189584040439188
20, 204, 0.191852764331629
20, 205, 0.194099484826229
20, 206, 0.1963233004001
20, 207, 0.198523339397233
20, 208, 0.200698760370219
20, 209, 0.202848752344895
20, 210, 0.20497253500948
20, 211, 0.207069358829911
20, 212, 0.209138505093268
20, 213, 0.211179285881305
20, 214, 0.213191043976237
20, 215, 0.21517315270109
20, 216, 0.217125015696946
20, 217, 0.219046066639616
20, 218, 0.220935768898278
20, 219, 0.222793615138717
20, 220, 0.224619126873901
20, 221, 0.226411853964616
20, 222, 0.228171374072991
20, 223, 0.229897292071736
20, 224, 0.231589239411957
20, 225, 0.233246873452435
20, 226, 0.234869876753272
20, 227, 0.236457956336754
20, 228, 0.238010842918372
20, 229, 0.23952829011083
20, 230, 0.241010073603925
20, 231, 0.242455990323115
20, 232, 0.24386585756956
20, 233, 0.245239512144445
20, 234, 0.246576809460237
20, 235, 0.247877622641617
20, 236, 0.249141841618669
20, 237, 0.250369372214904
20, 238, 0.251560135232662
20, 239, 0.252714065538288
20, 240, 0.253831111149524
20, 241, 0.254911232327408
20, 242, 0.255954400674936
20, 243, 0.256960598244694
20, 244, 0.257929816657518
20, 245, 0.258862056234282
20, 246, 0.259757325142724
20, 247, 0.260615638561224
20, 248, 0.261437017861335
20, 249, 0.262221489810792
20, 250, 0.262969085798669
20, 251, 0.263679841084247
20, 252, 0.264353794071108
20, 253, 0.264990985607859
20, 254, 0.265591458316857
20, 255, 0.26615525595219
20, 256, 0.26668242278811
20, 257, 0.267173003039055
20, 258, 0.267627040312279
20, 259, 0.268044577094096
20, 260, 0.268425654270626
20, 261, 0.268770310683856
20, 262, 0.269078582723815
20, 263, 0.269350503957517
20, 264, 0.269586104795319
20, 265, 0.269785412195235
20, 266, 0.26994844940569
20, 267, 0.270075235747158
20, 268, 0.270165786433008
20, 269, 0.270220112429863
20, 270, 0.270238220357705
20, 271, 0.270220112429862
20, 272, 0.270165786433007
20, 273, 0.270075235747158
20, 274, 0.26994844940569
20, 275, 0.269785412195235
20, 276, 0.269586104795319
20, 277, 0.269350503957518
20, 278, 0.269078582723815
20, 279, 0.268770310683856
20, 280, 0.268425654270626
20, 281, 0.268044577094095
20, 282, 0.267627040312278
20, 283, 0.267173003039056
20, 284, 0.266682422788111
20, 285, 0.26615525595219
20, 286, 0.265591458316857
20, 287, 0.264990985607859
20, 288, 0.264353794071108
20, 289, 0.263679841084248
20, 290, 0.262969085798669
20, 291, 0.262221489810792
20, 292, 0.261437017861334
20, 293, 0.260615638561223
20, 294, 0.259757325142724
20, 295, 0.258862056234282
20, 296, 0.257929816657517
20, 297, 0.256960598244694
20, 298, 0.255954400674936
20, 299, 0.254911232327406
20, 300, 0.253831111149524
20, 301, 0.252714065538289
20, 302, 0.251560135232662
20, 303, 0.250369372214905
20, 304, 0.249141841618669
20, 305, 0.247877622641618
20, 306, 0.246576809460237
20, 307, 0.245239512144445
20, 308, 0.24386585756956
20, 309, 0.242455990323114
20, 310, 0.241010073603925
20, 311, 0.239528290110829
20, 312, 0.238010842918372
20, 313, 0.236457956336755
20, 314, 0.234869876753272
20, 315, 0.233246873452436
20, 316, 0.231589239411957
20, 317, 0.229897292071737
20, 318, 0.228171374072991
20, 319, 0.226411853964617
20, 320, 0.224619126873901
20, 321, 0.222793615138716
20, 322, 0.220935768898277
20, 323, 0.219046066639617
20, 324, 0.217125015696946
20, 325, 0.215173152701089
20, 326, 0.213191043976237
20, 327, 0.211179285881304
20, 328, 0.209138505093269
20, 329, 0.207069358829911
20, 330, 0.204972535009479
20, 331, 0.202848752344894
20, 332, 0.200698760370219
20, 333, 0.198523339397233
20, 334, 0.1963233004001
20, 335, 0.19409948482623
20, 336, 0.191852764331629
20, 337, 0.189584040439187
20, 338, 0.187294244118506
20, 339, 0.184984335286136
20, 340, 0.18265530222522
20, 341, 0.180308160923811
20, 342, 0.177943954331365
20, 343, 0.175563751533118
20, 344, 0.173168646842372
20, 345, 0.170759758810906
20, 346, 0.168338229158116
20, 347, 0.165905221619644
20, 348, 0.163461920716708
20, 349, 0.161009530447492
20, 350, 0.158549272902418
20, 351, 0.156082386805339
20, 352, 0.153610125983079
20, 353, 0.151133757766039
20, 354, 0.148654561322954
20, 355, 0.146173825933187
20, 356, 0.143692849200307
20, 357, 0.141212935210984
20, 358, 0.138735392643627
20, 359, 0.136261532831414
20, 360, 0.13379266778475
21, 0, 0.133321544096581
21, 1, 0.130748088014335
21, 2, 0.128182933940507
21, 3, 0.125627495114897
21, 4, 0.123083176901924
21, 5, 0.120551374405531
21, 6, 0.118033470075108
21, 7, 0.115530831310263
21, 8, 0.113044808072375
21, 9, 0.110576730511138
21, 10, 0.108127906614332
21, 11, 0.105699619889221
21, 12, 0.103293127083982
21, 13, 0.100909655957591
21, 14, 0.098550403106537
21, 15, 0.0962165318566771
21, 16, 0.0939091702283804
21, 17, 0.0916294089829499
21, 18, 0.0893782997580776
21, 19, 0.0871568532998179
21, 20, 0.0849660377982485
21, 21, 0.0828067773336043
21, 22, 0.0806799504393086
21, 23, 0.0785863887877979
21, 24, 0.0765268760046579
21, 25, 0.0745021466159557
21, 26, 0.0725128851331656
21, 27, 0.0705597252794763
21, 28, 0.0686432493606534
21, 29, 0.0667639877830038
21, 30, 0.0649224187203221
21, 31, 0.0631189679310503
21, 32, 0.0613540087262039
21, 33, 0.0596278620879091
21, 34, 0.0579407969377948
21, 35, 0.0562930305536965
21, 36, 0.0546847291326019
21, 37, 0.0531160084969998
21, 38, 0.0515869349412573
21, 39, 0.050097526214007
21, 40, 0.0486477526319474
21, 41, 0.0472375383199718
21, 42, 0.0458667625719633
21, 43, 0.0445352613261863
21, 44, 0.0432428287487623
21, 45, 0.0419892189183323
21, 46, 0.040774147604699
21, 47, 0.0395972941339198
21, 48, 0.0384583033321459
21, 49, 0.0373567875402556
21, 50, 0.0362923286912369
21, 51, 0.0352644804421758
21, 52, 0.0342727703526686
21, 53, 0.0333167021014951
21, 54, 0.0323957577334252
21, 55, 0.0315093999281765
21, 56, 0.0306570742836273
21, 57, 0.0298382116056134
21, 58, 0.0290522301968309
21, 59, 0.0282985381376308
21, 60, 0.0275765355517609
21, 61, 0.0268856168504045
21, 62, 0.0262251729482317
21, 63, 0.0255945934454651
21, 64, 0.0249932687703676
21, 65, 0.0244205922769057
21, 66, 0.023875962292721
21, 67, 0.0233587841129233
21, 68, 0.022868471935593
21, 69, 0.0224044507352572
21, 70, 0.0219661580709712
21, 71, 0.0215530458259799
21, 72, 0.0211645818763095
21, 73, 0.0208002516859284
21, 74, 0.0204595598264589
21, 75, 0.0201420314196989
21, 76, 0.019847213501485
21, 77, 0.0195746763056884
21, 78, 0.0193240144673468
21, 79, 0.0190948481441543
21, 80, 0.0188868240557011
21, 81, 0.0186996164400187
21, 82, 0.0185329279271172
21, 83, 0.0183864903293145
21, 84, 0.0182600653482508
21, 85, 0.0181534451985363
21, 86, 0.018066453148067
21, 87, 0.0179989439750312
21, 88, 0.017950804341691
21, 89, 0.0179219530850013
21, 90, 0.0179123414241398
21, 91, 0.0179219530850014
21, 92, 0.017950804341691
21, 93, 0.0179989439750311
21, 94, 0.018066453148067
21, 95, 0.0181534451985364
21, 96, 0.0182600653482508
21, 97, 0.0183864903293145
21, 98, 0.0185329279271171
21, 99, 0.0186996164400187
21, 100, 0.0188868240557012
21, 101, 0.0190948481441542
21, 102, 0.0193240144673467
21, 103, 0.0195746763056883
21, 104, 0.0198472135014851
21, 105, 0.0201420314196988
21, 106, 0.020459559826459
21, 107, 0.0208002516859284
21, 108, 0.0211645818763094
21, 109, 0.0215530458259798
21, 110, 0.0219661580709713
21, 111, 0.0224044507352573
21, 112, 0.0228684719355929
21, 113, 0.0233587841129233
21, 114, 0.0238759622927211
21, 115, 0.0244205922769057
21, 116, 0.0249932687703676
21, 117, 0.0255945934454651
21, 118, 0.0262251729482317
21, 119, 0.0268856168504046
21, 120, 0.0275765355517609
21, 121, 0.0282985381376308
21, 122, 0.0290522301968309
21, 123, 0.0298382116056126
21, 124, 0.0306570742836275
21, 125, 0.0315093999281765
21, 126, 0.0323957577334243
21, 127, 0.0333167021014952
21, 128, 0.0342727703526687
21, 129, 0.0352644804421759
21, 130, 0.0362923286912369
21, 131, 0.0373567875402557
21, 132, 0.0384583033321458
21, 133, 0.0395972941339199
21, 134, 0.0407741476046991
21, 135, 0.0419892189183325
21, 136, 0.0432428287487624
21, 137, 0.0445352613261866
21, 138, 0.0458667625719632
21, 139, 0.0472375383199717
21, 140, 0.0486477526319475
21, 141, 0.050097526214007
21, 142, 0.0515869349412584
21, 143, 0.0531160084970001
21, 144, 0.054684729132602
21, 145, 0.0562930305536967
21, 146, 0.0579407969377948
21, 147, 0.0596278620879093
21, 148, 0.0613540087262043
21, 149, 0.0631189679310503
21, 150, 0.064922418720322
21, 151, 0.0667639877830038
21, 152, 0.0686432493606535
21, 153, 0.0705597252794762
21, 154, 0.0725128851331655
21, 155, 0.0745021466159559
21, 156, 0.0765268760046575
21, 157, 0.0785863887877975
21, 158, 0.0806799504393084
21, 159, 0.0828067773336045
21, 160, 0.0849660377982488
21, 161, 0.0871568532998182
21, 162, 0.0893782997580775
21, 163, 0.0916294089829499
21, 164, 0.0939091702283787
21, 165, 0.0962165318566771
21, 166, 0.0985504031065368
21, 167, 0.100909655957591
21, 168, 0.103293127083982
21, 169, 0.105699619889221
21, 170, 0.108127906614332
21, 171, 0.110576730511138
21, 172, 0.113044808072375
21, 173, 0.115530831310263
21, 174, 0.118033470075108
21, 175, 0.120551374405531
21, 176, 0.123083176901925
21, 177, 0.125627495114897
21, 178, 0.128182933940507
21, 179, 0.130748088014335
21, 180, 0.13332154409658
21, 181, 0.135901883440637
21, 182, 0.138487684137838
21, 183, 0.141077523431381
21, 184, 0.143669979992705
21, 185, 0.146263636153977
21, 186, 0.148857080090657
21, 187, 0.151448907948479
21, 188, 0.154037725909599
21, 189, 0.156622152192979
21, 190, 0.159200818984541
21, 191, 0.16177237429297
21, 192, 0.164335483727469
21, 193, 0.166888832194155
21, 194, 0.169431125508191
21, 195, 0.171961091919134
21, 196, 0.174477483547361
21, 197, 0.176979077729816
21, 198, 0.179464678273692
21, 199, 0.181933116617009
21, 200, 0.184383252895393
21, 201, 0.18681397691472
21, 202, 0.189224209029556
21, 203, 0.191612900927678
21, 204, 0.193979036321231
21, 205, 0.196321631545334
21, 206, 0.198639736065246
21, 207, 0.200932432893392
21, 208, 0.203198838917825
21, 209, 0.205438105143909
21, 210, 0.207649416851153
21, 211, 0.209831993667362
21, 212, 0.211985089562438
21, 213, 0.21410799276424
21, 214, 0.216200025599187
21, 215, 0.218260544260229
21, 216, 0.220288938505114
21, 217, 0.222284631287822
21, 218, 0.224247078326188
21, 219, 0.226175767608824
21, 220, 0.228070218844454
21, 221, 0.229929982856881
21, 222, 0.231754640928788
21, 223, 0.233543804097655
21, 224, 0.235297112407068
21, 225, 0.237014234116676
21, 226, 0.238694864874109
21, 227, 0.240338726852132
21, 228, 0.241945567854257
21, 229, 0.243515160392106
21, 230, 0.245047300737677
21, 231, 0.246541807953698
21, 232, 0.247998522905222
21, 233, 0.249417307255476
21, 234, 0.250798042449052
21, 235, 0.252140628685349
21, 236, 0.253444983885202
21, 237, 0.254711042653517
21, 238, 0.255938755240667
21, 239, 0.257128086505342
21, 240, 0.258279014881485
21, 241, 0.259391531351801
21, 242, 0.26046563843036
21, 243, 0.26150134915658
21, 244, 0.26249868610295
21, 245, 0.263457680398648
21, 246, 0.264378370771174
21, 247, 0.26526080260805
21, 248, 0.266105027040483
21, 249, 0.266911100050896
21, 250, 0.267679081606033
21, 251, 0.268409034817369
21, 252, 0.269101025130389
21, 253, 0.269755119544247
21, 254, 0.270371385863231
21, 255, 0.270949891981378
21, 256, 0.271490705201479
21, 257, 0.271993891589662
21, 258, 0.272459515366657
21, 259, 0.272887638336723
21, 260, 0.273278319355235
21, 261, 0.273631613835726
21, 262, 0.273947573297224
21, 263, 0.274226244952584
21, 264, 0.274467671338441
21, 265, 0.274671889987373
21, 266, 0.274838933142783
21, 267, 0.274968827516901
21, 268, 0.275061594092305
21, 269, 0.275117247967235
21, 270, 0.275135798244943
21, 271, 0.275117247967235
21, 272, 0.275061594092305
21, 273, 0.274968827516899
21, 274, 0.274838933142784
21, 275, 0.274671889987373
21, 276, 0.274467671338441
21, 277, 0.274226244952585
21, 278, 0.273947573297225
21, 279, 0.273631613835726
21, 280, 0.273278319355235
21, 281, 0.272887638336724
21, 282, 0.272459515366655
21, 283, 0.271993891589663
21, 284, 0.271490705201479
21, 285, 0.270949891981379
21, 286, 0.27037138586323
21, 287, 0.269755119544247
21, 288, 0.269101025130389
21, 289, 0.268409034817369
21, 290, 0.267679081606033
21, 291, 0.266911100050897
21, 292, 0.266105027040484
21, 293, 0.265260802608049
21, 294, 0.264378370771173
21, 295, 0.263457680398649
21, 296, 0.262498686102952
21, 297, 0.261501349156581
21, 298, 0.26046563843036
21, 299, 0.259391531351801
21, 300, 0.258279014881484
21, 301, 0.257128086505342
21, 302, 0.255938755240668
21, 303, 0.254711042653517
21, 304, 0.253444983885202
21, 305, 0.252140628685348
21, 306, 0.250798042449051
21, 307, 0.249417307255476
21, 308, 0.247998522905223
21, 309, 0.246541807953699
21, 310, 0.245047300737677
21, 311, 0.243515160392107
21, 312, 0.241945567854258
21, 313, 0.240338726852129
21, 314, 0.238694864874108
21, 315, 0.237014234116676
21, 316, 0.235297112407069
21, 317, 0.233543804097654
21, 318, 0.231754640928786
21, 319, 0.22992998285688
21, 320, 0.228070218844454
21, 321, 0.226175767608824
21, 322, 0.224247078326189
21, 323, 0.222284631287823
21, 324, 0.220288938505116
21, 325, 0.21826054426023
21, 326, 0.216200025599189
21, 327, 0.214107992764241
21, 328, 0.211985089562438
21, 329, 0.209831993667362
21, 330, 0.207649416851153
21, 331, 0.205438105143909
21, 332, 0.203198838917825
21, 333, 0.200932432893392
21, 334, 0.198639736065246
21, 335, 0.196321631545335
21, 336, 0.19397903632123
21, 337, 0.191612900927679
21, 338, 0.189224209029556
21, 339, 0.186813976914722
21, 340, 0.184383252895393
21, 341, 0.181933116617008
21, 342, 0.179464678273692
21, 343, 0.176979077729816
21, 344, 0.174477483547359
21, 345, 0.171961091919135
21, 346, 0.169431125508191
21, 347, 0.166888832194155
21, 348, 0.164335483727469
21, 349, 0.16177237429297
21, 350, 0.159200818984541
21, 351, 0.156622152192979
21, 352, 0.154037725909599
21, 353, 0.151448907948479
21, 354, 0.148857080090658
21, 355, 0.146263636153978
21, 356, 0.143669979992705
21, 357, 0.141077523431381
21, 358, 0.138487684137838
21, 359, 0.135901883440637
21, 360, 0.133321544096581
22, 0, 0.132817795143847
22, 1, 0.130135641184923
22, 2, 0.12746250169276
22, 3, 0.124799905927345
22, 4, 0.122149374997827
22, 5, 0.119512419165642
22, 6, 0.116890535133599
22, 7, 0.114285203329958
22, 8, 0.111697885196727
22, 9, 0.109130020491714
22, 10, 0.106583024613953
22, 11, 0.10405828596236
22, 12, 0.101557163337447
22, 13, 0.0990809833960517
22, 14, 0.09663103816895
22, 15, 0.0942085826511744
22, 16, 0.0918148324747053
22, 17, 0.0894509616730278
22, 18, 0.0871181005467717
22, 19, 0.0848173336393708
22, 20, 0.0825496978312762
22, 21, 0.0803161805608661
22, 22, 0.0781177181797064
22, 23, 0.0759551944492691
22, 24, 0.0738294391856673
22, 25, 0.0717412270583215
22, 26, 0.069691276547803
22, 27, 0.0676802490674109
22, 28, 0.0657087482522843
22, 29, 0.0637773194190987
22, 30, 0.0618864491985952
22, 31, 0.0600365653423973
22, 32, 0.0582280367047459
22, 33, 0.0564611733989561
22, 34, 0.0547362271275943
22, 35, 0.0530533916845414
22, 36, 0.0514128036263273
22, 37, 0.0498145431093152
22, 38, 0.0482586348885882
22, 39, 0.0467450494736397
22, 40, 0.0452737044352969
22, 41, 0.0438444658576486
22, 42, 0.0424571499281504
22, 43, 0.0411115246585326
22, 44, 0.0398073117286235
22, 45, 0.03854418844477
22, 46, 0.0373217898041506
22, 47, 0.0361397106559469
22, 48, 0.0349975079500807
22, 49, 0.0338947030640313
22, 50, 0.0328307841980974
22, 51, 0.0318052088294056
22, 52, 0.0308174062149492
22, 53, 0.0298667799339849
22, 54, 0.0289527104602182
22, 55, 0.0280745577543698
22, 56, 0.0272316638679128
22, 57, 0.0264233555490384
22, 58, 0.0256489468421912
22, 59, 0.0249077416728664
22, 60, 0.0241990364097245
22, 61, 0.023522122396483
22, 62, 0.0228762884464733
22, 63, 0.0222608232931942
22, 64, 0.0216750179906589
22, 65, 0.0211181682578018
22, 66, 0.0205895767616891
22, 67, 0.0200885553347572
22, 68, 0.0196144271217721
22, 69, 0.0191665286526784
22, 70, 0.0187442118379456
22, 71, 0.0183468458834733
22, 72, 0.0179738191225251
22, 73, 0.017624540762561
22, 74, 0.0172984425452108
22, 75, 0.0169949803179748
22, 76, 0.0167136355165542
22, 77, 0.0164539165570021
22, 78, 0.0162153601371371
22, 79, 0.0159975324468873
22, 80, 0.0158000302874253
22, 81, 0.0156224820991124
22, 82, 0.0154645488983995
22, 83, 0.0153259251239351
22, 84, 0.015206339392198
22, 85, 0.0151055551630173
22, 86, 0.0150233713153646
22, 87, 0.0149596226337952
22, 88, 0.0149141802058966
22, 89, 0.0148869517310602
22, 90, 0.0148778817408349
22, 91, 0.0148869517310602
22, 92, 0.0149141802058966
22, 93, 0.0149596226337952
22, 94, 0.0150233713153646
22, 95, 0.0151055551630172
22, 96, 0.015206339392198
22, 97, 0.0153259251239351
22, 98, 0.0154645488983995
22, 99, 0.0156224820991124
22, 100, 0.0158000302874253
22, 101, 0.0159975324468874
22, 102, 0.0162153601371373
22, 103, 0.0164539165570022
22, 104, 0.0167136355165542
22, 105, 0.0169949803179747
22, 106, 0.0172984425452109
22, 107, 0.0176245407625611
22, 108, 0.017973819122525
22, 109, 0.0183468458834732
22, 110, 0.0187442118379457
22, 111, 0.0191665286526784
22, 112, 0.0196144271217722
22, 113, 0.0200885553347571
22, 114, 0.0205895767616891
22, 115, 0.0211181682578018
22, 116, 0.021675017990659
22, 117, 0.0222608232931942
22, 118, 0.0228762884464733
22, 119, 0.0235221223964829
22, 120, 0.0241990364097244
22, 121, 0.0249077416728662
22, 122, 0.0256489468421912
22, 123, 0.0264233555490386
22, 124, 0.0272316638679129
22, 125, 0.0280745577543696
22, 126, 0.0289527104602184
22, 127, 0.0298667799339852
22, 128, 0.0308174062149492
22, 129, 0.0318052088294055
22, 130, 0.0328307841980974
22, 131, 0.0338947030640314
22, 132, 0.0349975079500807
22, 133, 0.0361397106559468
22, 134, 0.0373217898041507
22, 135, 0.03854418844477
22, 136, 0.0398073117286236
22, 137, 0.0411115246585327
22, 138, 0.0424571499281505
22, 139, 0.0438444658576484
22, 140, 0.045273704435297
22, 141, 0.0467450494736397
22, 142, 0.0482586348885881
22, 143, 0.049814543109315
22, 144, 0.0514128036263273
22, 145, 0.0530533916845416
22, 146, 0.0547362271275941
22, 147, 0.0564611733989565
22, 148, 0.0582280367047462
22, 149, 0.0600365653423975
22, 150, 0.0618864491985951
22, 151, 0.0637773194190986
22, 152, 0.0657087482522846
22, 153, 0.0676802490674109
22, 154, 0.0696912765478029
22, 155, 0.0717412270583215
22, 156, 0.0738294391856673
22, 157, 0.0759551944492687
22, 158, 0.0781177181797064
22, 159, 0.0803161805608658
22, 160, 0.0825496978312762
22, 161, 0.0848173336393711
22, 162, 0.0871181005467719
22, 163, 0.0894509616730277
22, 164, 0.0918148324747052
22, 165, 0.0942085826511742
22, 166, 0.0966310381689502
22, 167, 0.0990809833960523
22, 168, 0.101557163337448
22, 169, 0.10405828596236
22, 170, 0.106583024613953
22, 171, 0.109130020491713
22, 172, 0.111697885196728
22, 173, 0.114285203329958
22, 174, 0.116890535133599
22, 175, 0.119512419165642
22, 176, 0.122149374997827
22, 177, 0.124799905927345
22, 178, 0.12746250169276
22, 179, 0.130135641184923
22, 180, 0.132817795143847
22, 181, 0.135507428832847
22, 182, 0.138203004681584
22, 183, 0.140902984889991
22, 184, 0.143605833985486
22, 185, 0.146310021326242
22, 186, 0.149014023543768
22, 187, 0.151716326918477
22, 188, 0.154415429682346
22, 189, 0.157109844243314
22, 190, 0.159798099326461
22, 191, 0.16247874202754
22, 192, 0.165150339774869
22, 193, 0.167811482196104
22, 194, 0.170460782886825
22, 195, 0.17309688107839
22, 196, 0.175718443202891
22, 197, 0.178324164353534
22, 198, 0.180912769639162
22, 199, 0.183483015432055
22, 200, 0.186033690508522
22, 201, 0.188563617082192
22, 202, 0.191071651730256
22, 203, 0.193556686213243
22, 204, 0.196017648189262
22, 205, 0.198453501823899
22, 206, 0.200863248297287
22, 207, 0.203245926210097
22, 208, 0.205600611890453
22, 209, 0.207926419604002
22, 210, 0.210222501669575
22, 211, 0.212488048483062
22, 212, 0.214722288452317
22, 213, 0.216924487846001
22, 214, 0.219093950559513
22, 215, 0.221230017801176
22, 216, 0.223332067702023
22, 217, 0.225399514852597
22, 218, 0.227431809770237
22, 219, 0.229428438300447
22, 220, 0.231388920955923
22, 221, 0.233312812196898
22, 222, 0.235199699656508
22, 223, 0.23704920331485
22, 224, 0.238860974625433
22, 225, 0.240634695597766
22, 226, 0.242370077839717
22, 227, 0.244066861563359
22, 228, 0.24572481455792
22, 229, 0.247343731133444
22, 230, 0.248923431038734
22, 231, 0.250463758357067
22, 232, 0.251964580383162
22, 233, 0.253425786484763
22, 234, 0.254847286952188
22, 235, 0.256229011839061
22, 236, 0.25757090979744
22, 237, 0.258872946910396
22, 238, 0.260135105525079
22, 239, 0.261357383089178
22, 240, 0.262539790993613
22, 241, 0.263682353424186
22, 242, 0.264785106224851
22, 243, 0.265848095775135
22, 244, 0.266871377884187
22, 245, 0.267855016703761
22, 246, 0.268799083662451
22, 247, 0.269703656423286
22, 248, 0.270568817866761
22, 249, 0.271394655101265
22, 250, 0.272181258502777
22, 251, 0.272928720785572
22, 252, 0.273637136105645
22, 253, 0.274306599198397
22, 254, 0.274937204552082
22, 255, 0.275529045618421
22, 256, 0.276082214061665
22, 257, 0.276596799047329
22, 258, 0.277072886571751
22, 259, 0.27751055883348
22, 260, 0.277909893647513
22, 261, 0.278270963903198
22, 262, 0.278593837066676
22, 263, 0.278878574728546
22, 264, 0.279125232197417
22, 265, 0.279333858139953
22, 266, 0.27950449426787
22, 267, 0.279637175072377
22, 268, 0.279731927606381
22, 269, 0.279788771314795
22, 270, 0.279807717913172
22, 271, 0.279788771314795
22, 272, 0.279731927606379
22, 273, 0.279637175072378
22, 274, 0.279504494267872
22, 275, 0.279333858139954
22, 276, 0.279125232197417
22, 277, 0.278878574728545
22, 278, 0.278593837066676
22, 279, 0.278270963903198
22, 280, 0.277909893647513
22, 281, 0.27751055883348
22, 282, 0.277072886571751
22, 283, 0.27659679904733
22, 284, 0.276082214061666
22, 285, 0.275529045618423
22, 286, 0.274937204552082
22, 287, 0.274306599198397
22, 288, 0.273637136105646
22, 289, 0.272928720785572
22, 290, 0.272181258502776
22, 291, 0.271394655101266
22, 292, 0.270568817866761
22, 293, 0.269703656423287
22, 294, 0.268799083662451
22, 295, 0.26785501670376
22, 296, 0.266871377884187
22, 297, 0.265848095775136
22, 298, 0.264785106224851
22, 299, 0.263682353424187
22, 300, 0.262539790993613
22, 301, 0.261357383089178
22, 302, 0.260135105525078
22, 303, 0.258872946910396
22, 304, 0.257570909797441
22, 305, 0.256229011839061
22, 306, 0.254847286952188
22, 307, 0.253425786484763
22, 308, 0.25196458038316
22, 309, 0.250463758357067
22, 310, 0.248923431038734
22, 311, 0.247343731133445
22, 312, 0.245724814557919
22, 313, 0.244066861563357
22, 314, 0.242370077839716
22, 315, 0.240634695597766
22, 316, 0.238860974625434
22, 317, 0.23704920331485
22, 318, 0.235199699656509
22, 319, 0.233312812196897
22, 320, 0.231388920955922
22, 321, 0.229428438300448
22, 322, 0.227431809770237
22, 323, 0.225399514852597
22, 324, 0.223332067702023
22, 325, 0.221230017801175
22, 326, 0.219093950559513
22, 327, 0.216924487846001
22, 328, 0.214722288452316
22, 329, 0.212488048483062
22, 330, 0.210222501669575
22, 331, 0.207926419604002
22, 332, 0.205600611890453
22, 333, 0.203245926210097
22, 334, 0.200863248297287
22, 335, 0.198453501823898
22, 336, 0.196017648189262
22, 337, 0.193556686213244
22, 338, 0.191071651730255
22, 339, 0.188563617082191
22, 340, 0.186033690508521
22, 341, 0.183483015432055
22, 342, 0.180912769639162
22, 343, 0.178324164353533
22, 344, 0.175718443202891
22, 345, 0.17309688107839
22, 346, 0.170460782886825
22, 347, 0.167811482196104
22, 348, 0.165150339774869
22, 349, 0.162478742027539
22, 350, 0.159798099326462
22, 351, 0.157109844243314
22, 352, 0.154415429682346
22, 353, 0.151716326918477
22, 354, 0.149014023543769
22, 355, 0.146310021326242
22, 356, 0.143605833985487
22, 357, 0.140902984889991
22, 358, 0.138203004681584
22, 359, 0.135507428832847
22, 360, 0.132817795143847
23, 0, 0.132279887516576
23, 1, 0.129491423303988
23, 2, 0.126712708697564
23, 3, 0.123945393344735
23, 4, 0.121191118549379
23, 5, 0.118451514241126
23, 6, 0.115728195924349
23, 7, 0.11302276161716
23, 8, 0.110336788791088
23, 9, 0.107671831322383
23, 10, 0.105029416466171
23, 11, 0.102411041864851
23, 12, 0.0998181726022603
23, 13, 0.0972522383151866
23, 14, 0.094714630373843
23, 15, 0.0922066991428313
23, 16, 0.0897297513339816
23, 17, 0.0872850474622644
23, 18, 0.0848737994157016
23, 19, 0.082497168149837
23, 20, 0.0801562615169055
23, 21, 0.0778521322393901
23, 22, 0.0755857760370467
23, 23, 0.0733581299159092
23, 24, 0.0711700706270522
23, 25, 0.0690224133022009
23, 26, 0.0669159102724354
23, 27, 0.0648512500754577
23, 28, 0.0628290566559133
23, 29, 0.0608498887624619
23, 30, 0.0589142395442238
23, 31, 0.0570225363483501
23, 32, 0.0551751407194336
23, 33, 0.0533723486004947
23, 34, 0.0516143907342981
23, 35, 0.0499014332627593
23, 36, 0.0482335785212498
23, 37, 0.0466108660236562
23, 38, 0.0450332736331473
23, 39, 0.0435007189127266
23, 40, 0.0420130606488246
23, 41, 0.0405701005404144
23, 42, 0.0391715850454103
23, 43, 0.0378172073754576
23, 44, 0.0365066096296376
23, 45, 0.0352393850570863
23, 46, 0.0340150804380976
23, 47, 0.032833198572885
23, 48, 0.0316932008669316
23, 49, 0.0305945100015928
23, 50, 0.0295365126785273
23, 51, 0.0285185624264512
23, 52, 0.0275399824587319
23, 53, 0.0266000685704397
23, 54, 0.0256980920636269
23, 55, 0.0248333026898334
23, 56, 0.0240049315991221
23, 57, 0.0232121942852725
23, 58, 0.0224542935171803
23, 59, 0.0217304222469526
23, 60, 0.0210397664856695
23, 61, 0.0203815081383098
23, 62, 0.0197548277898929
23, 63, 0.0191589074354497
23, 64, 0.0185929331470396
23, 65, 0.0180560976716076
23, 66, 0.0175476029540942
23, 67, 0.0170666625808017
23, 68, 0.0166125041385984
23, 69, 0.0161843714861397
23, 70, 0.0157815269338221
23, 71, 0.0154032533297316
23, 72, 0.0150488560493424
23, 73, 0.0147176648872115
23, 74, 0.0144090358493395
23, 75, 0.014122352845288
23, 76, 0.0138570292794913
23, 77, 0.0136125095415387
23, 78, 0.0133882703954807
23, 79, 0.0131838222684594
23, 80, 0.0129987104391451
23, 81, 0.0128325161266481
23, 82, 0.0126848574806626
23, 83, 0.0125553904736999
23, 84, 0.0124438096962937
23, 85, 0.0123498490560833
23, 86, 0.0122732823816373
23, 87, 0.012213923931841
23, 88, 0.0121716288115813
23, 89, 0.0121462932943636
23, 90, 0.0121378550523739
23, 91, 0.0121462932943635
23, 92, 0.0121716288115813
23, 93, 0.012213923931841
23, 94, 0.0122732823816373
23, 95, 0.0123498490560834
23, 96, 0.0124438096962939
23, 97, 0.0125553904736998
23, 98, 0.0126848574806626
23, 99, 0.0128325161266479
23, 100, 0.0129987104391451
23, 101, 0.0131838222684594
23, 102, 0.0133882703954807
23, 103, 0.0136125095415386
23, 104, 0.0138570292794913
23, 105, 0.014122352845288
23, 106, 0.0144090358493395
23, 107, 0.0147176648872113
23, 108, 0.0150488560493424
23, 109, 0.0154032533297317
23, 110, 0.0157815269338222
23, 111, 0.0161843714861398
23, 112, 0.0166125041385984
23, 113, 0.0170666625808018
23, 114, 0.0175476029540942
23, 115, 0.0180560976716076
23, 116, 0.0185929331470396
23, 117, 0.0191589074354502
23, 118, 0.0197548277898928
23, 119, 0.0203815081383098
23, 120, 0.0210397664856696
23, 121, 0.0217304222469526
23, 122, 0.0224542935171802
23, 123, 0.0232121942852722
23, 124, 0.0240049315991223
23, 125, 0.0248333026898333
23, 126, 0.025698092063627
23, 127, 0.0266000685704398
23, 128, 0.0275399824587319
23, 129, 0.0285185624264512
23, 130, 0.0295365126785273
23, 131, 0.0305945100015928
23, 132, 0.0316932008669316
23, 133, 0.032833198572885
23, 134, 0.0340150804380976
23, 135, 0.0352393850570863
23, 136, 0.0365066096296377
23, 137, 0.0378172073754576
23, 138, 0.0391715850454103
23, 139, 0.0405701005404144
23, 140, 0.0420130606488243
23, 141, 0.0435007189127267
23, 142, 0.0450332736331473
23, 143, 0.046610866023656
23, 144, 0.0482335785212498
23, 145, 0.0499014332627591
23, 146, 0.0516143907342982
23, 147, 0.0533723486004949
23, 148, 0.0551751407194334
23, 149, 0.0570225363483498
23, 150, 0.0589142395442236
23, 151, 0.0608498887624616
23, 152, 0.0628290566559135
23, 153, 0.0648512500754573
23, 154, 0.0669159102724356
23, 155, 0.0690224133022008
23, 156, 0.0711700706270521
23, 157, 0.0733581299159094
23, 158, 0.0755857760370468
23, 159, 0.0778521322393899
23, 160, 0.0801562615169059
23, 161, 0.0824971681498377
23, 162, 0.0848737994157014
23, 163, 0.0872850474622641
23, 164, 0.0897297513339812
23, 165, 0.0922066991428317
23, 166, 0.0947146303738428
23, 167, 0.0972522383151868
23, 168, 0.0998181726022601
23, 169, 0.102411041864851
23, 170, 0.10502941646617
23, 171, 0.107671831322382
23, 172, 0.110336788791088
23, 173, 0.11302276161716
23, 174, 0.115728195924349
23, 175, 0.118451514241125
23, 176, 0.121191118549379
23, 177, 0.123945393344735
23, 178, 0.126712708697564
23, 179, 0.129491423303988
23, 180, 0.132279887516576
23, 181, 0.135076446344776
23, 182, 0.137879442415562
23, 183, 0.140687218885248
23, 184, 0.143498122293883
23, 185, 0.146310505354147
23, 186, 0.149122729667228
23, 187, 0.151933168358658
23, 188, 0.154740208627695
23, 189, 0.157542254204331
23, 190, 0.160337727708639
23, 191, 0.163125072907693
23, 192, 0.165902756865852
23, 193, 0.168669271984787
23, 194, 0.171423137930115
23, 195, 0.174162903442106
23, 196, 0.176887148028366
23, 197, 0.17959448353695
23, 198, 0.182283555608824
23, 199, 0.184953045009049
23, 200, 0.187601668836486
23, 201, 0.190228181612278
23, 202, 0.192831376247717
23, 203, 0.195410084892504
23, 204, 0.197963179664731
23, 205, 0.200489573264279
23, 206, 0.202988219471563
23, 207, 0.205458113533966
23, 208, 0.207898292442345
23, 209, 0.210307835100483
23, 210, 0.212685862390354
23, 211, 0.21503153713642
23, 212, 0.217344063972254
23, 213, 0.219622689112988
23, 214, 0.221866700037215
23, 215, 0.224075425082067
23, 216, 0.226248232955328
23, 217, 0.228384532168517
23, 218, 0.230483770394921
23, 219, 0.232545433756654
23, 220, 0.234569046044834
23, 221, 0.236554167877012
23, 222, 0.238500395795987
23, 223, 0.240407361314188
23, 224, 0.242274729907724
23, 225, 0.244102199964299
23, 226, 0.245889501689032
23, 227, 0.247636395972284
23, 228, 0.249342673223547
23, 229, 0.251008152175316
23, 230, 0.252632678660916
23, 231, 0.254216124370099
23, 232, 0.255758385586238
23, 233, 0.257259381908773
23, 234, 0.258719054964569
23, 235, 0.260137367111728
23, 236, 0.261514300139237
23, 237, 0.262849853965899
23, 238, 0.264144045341694
23, 239, 0.265396906554798
23, 240, 0.266608484147254
23, 241, 0.267778837642244
23, 242, 0.268908038285798
23, 243, 0.269996167805646
23, 244, 0.271043317189818
23, 245, 0.272049585487508
23, 246, 0.273015078634574
23, 247, 0.273939908305934
23, 248, 0.274824190797055
23, 249, 0.275668045936572
23, 250, 0.276471596031983
23, 251, 0.277234964850278
23, 252, 0.277958276635212
23, 253, 0.278641655162894
23, 254, 0.279285222837177
23, 255, 0.279889099826343
23, 256, 0.280453403242365
23, 257, 0.280978246364019
23, 258, 0.281463737905004
23, 259, 0.281909981328124
23, 260, 0.2823170742065
23, 261, 0.28268510763273
23, 262, 0.283014165676796
23, 263, 0.283304324893439
23, 264, 0.28355565387969
23, 265, 0.283768212883096
23, 266, 0.283942053461196
23, 267, 0.284077218192632
23, 268, 0.28417374044031
23, 269, 0.284231644166879
23, 270, 0.28425094380275
23, 271, 0.284231644166878
23, 272, 0.284173740440312
23, 273, 0.284077218192633
23, 274, 0.283942053461195
23, 275, 0.283768212883095
23, 276, 0.283555653879689
23, 277, 0.283304324893437
23, 278, 0.283014165676795
23, 279, 0.282685107632731
23, 280, 0.2823170742065
23, 281, 0.281909981328125
23, 282, 0.281463737905005
23, 283, 0.280978246364019
23, 284, 0.280453403242366
23, 285, 0.279889099826343
23, 286, 0.279285222837175
23, 287, 0.278641655162893
23, 288, 0.277958276635212
23, 289, 0.277234964850277
23, 290, 0.276471596031984
23, 291, 0.275668045936571
23, 292, 0.274824190797055
23, 293, 0.273939908305934
23, 294, 0.273015078634574
23, 295, 0.272049585487509
23, 296, 0.271043317189818
23, 297, 0.269996167805646
23, 298, 0.268908038285799
23, 299, 0.267778837642244
23, 300, 0.266608484147254
23, 301, 0.265396906554799
23, 302, 0.264144045341693
23, 303, 0.262849853965898
23, 304, 0.261514300139239
23, 305, 0.260137367111729
23, 306, 0.25871905496457
23, 307, 0.257259381908771
23, 308, 0.255758385586238
23, 309, 0.2542161243701
23, 310, 0.252632678660916
23, 311, 0.251008152175317
23, 312, 0.249342673223548
23, 313, 0.247636395972285
23, 314, 0.245889501689032
23, 315, 0.2441021999643
23, 316, 0.242274729907722
23, 317, 0.240407361314188
23, 318, 0.238500395795988
23, 319, 0.236554167877012
23, 320, 0.234569046044835
23, 321, 0.232545433756654
23, 322, 0.230483770394921
23, 323, 0.228384532168517
23, 324, 0.226248232955329
23, 325, 0.224075425082068
23, 326, 0.221866700037215
23, 327, 0.219622689112988
23, 328, 0.217344063972252
23, 329, 0.21503153713642
23, 330, 0.212685862390355
23, 331, 0.210307835100483
23, 332, 0.207898292442346
23, 333, 0.205458113533966
23, 334, 0.202988219471564
23, 335, 0.200489573264278
23, 336, 0.197963179664732
23, 337, 0.195410084892504
23, 338, 0.192831376247716
23, 339, 0.190228181612277
23, 340, 0.187601668836486
23, 341, 0.18495304500905
23, 342, 0.182283555608824
23, 343, 0.17959448353695
23, 344, 0.176887148028365
23, 345, 0.174162903442106
23, 346, 0.171423137930115
23, 347, 0.168669271984787
23, 348, 0.165902756865852
23, 349, 0.163125072907693
23, 350, 0.160337727708639
23, 351, 0.15754225420433
23, 352, 0.154740208627694
23, 353, 0.151933168358659
23, 354, 0.149122729667228
23, 355, 0.146310505354148
23, 356, 0.143498122293883
23, 357, 0.140687218885248
23, 358, 0.137879442415561
23, 359, 0.135076446344777
23, 360, 0.132279887516576
24, 0, 0.131706206939559
24, 1, 0.128814016270025
24, 2, 0.125932332683689
24, 3, 0.123062930261274
24, 4, 0.120207574641338
24, 5, 0.117368019634306
24, 6, 0.114546003808514
24, 7, 0.111743247060008
24, 8, 0.108961447178283
24, 9, 0.106202276420545
24, 10, 0.1034673781074
24, 11, 0.100758363253099
24, 12, 0.098076807243742
24, 13, 0.095424246576868
24, 14, 0.092802175675953
24, 15, 0.0902120437932971
24, 16, 0.0876552520146297
24, 17, 0.085133150378571
24, 18, 0.0826470351237914
24, 19, 0.0801981460763167
24, 20, 0.077787664188959
24, 21, 0.0754167092443104
24, 22, 0.0730863377320538
24, 23, 0.0707975409106857
24, 24, 0.0685512430628916
24, 25, 0.0663482999529725
24, 26, 0.064189497493785
24, 27, 0.0620755506296478
24, 28, 0.0600071024406203
24, 29, 0.0579847234724826
24, 30, 0.0560089112955885
24, 31, 0.0540800902946108
24, 32, 0.0521986116900456
24, 33, 0.0503647537910968
24, 34, 0.048578722478447
24, 35, 0.0468406519141778
24, 36, 0.0451506054749877
24, 37, 0.0435085769037085
24, 38, 0.0419144916730417
24, 39, 0.0403682085543764
24, 40, 0.0388695213836042
24, 41, 0.0374181610148701
24, 42, 0.0360137974524041
24, 43, 0.0346560421497683
24, 44, 0.0333444504651788
24, 45, 0.032078524260969
24, 46, 0.0308577146347316
24, 47, 0.0296814247692877
24, 48, 0.0285490128882832
24, 49, 0.0274597953040305
24, 50, 0.026413049544037
24, 51, 0.0254080175426846
24, 52, 0.0244439088845516
24, 53, 0.0235199040860308
24, 54, 0.022635157902154
24, 55, 0.0217888026458127
24, 56, 0.0209799515070118
24, 57, 0.0202077018602065
24, 58, 0.0194711385483345
24, 59, 0.0187693371327207
24, 60, 0.0181013670986651
24, 61, 0.0174662950071853
24, 62, 0.0168631875841068
24, 63, 0.016291114738381
24, 64, 0.0157491525022948
24, 65, 0.0152363858869421
24, 66, 0.0147519116470995
24, 67, 0.0142948409503812
24, 68, 0.0138643019462683
24, 69, 0.0134594422313144
24, 70, 0.0130794312075088
24, 71, 0.0127234623314193
24, 72, 0.0123907552523383
24, 73, 0.012080557838233
24, 74, 0.0117921480887946
24, 75, 0.0115248359353806
24, 76, 0.0112779649280353
24, 77, 0.0110509138101527
24, 78, 0.0108430979816536
24, 79, 0.010653970851805
24, 80, 0.0104830250830061
24, 81, 0.0103297937270299
24, 82, 0.0101938512552867
24, 83, 0.0100748144847355
24, 84, 0.00997234340107474
24, 85, 0.00988614188077868
24, 86, 0.00981595831348701
24, 87, 0.00976158612611393
24, 88, 0.00972286420990079
24, 89, 0.00969967725144546
24, 90, 0.00969195596854382
24, 91, 0.00969967725144545
24, 92, 0.00972286420990078
24, 93, 0.00976158612611392
24, 94, 0.00981595831348708
24, 95, 0.00988614188077868
24, 96, 0.00997234340107474
24, 97, 0.0100748144847355
24, 98, 0.0101938512552867
24, 99, 0.01032979372703
24, 100, 0.0104830250830061
24, 101, 0.010653970851805
24, 102, 0.0108430979816537
24, 103, 0.0110509138101527
24, 104, 0.0112779649280354
24, 105, 0.0115248359353806
24, 106, 0.0117921480887946
24, 107, 0.012080557838233
24, 108, 0.0123907552523383
24, 109, 0.0127234623314192
24, 110, 0.0130794312075087
24, 111, 0.0134594422313144
24, 112, 0.0138643019462684
24, 113, 0.0142948409503812
24, 114, 0.0147519116470995
24, 115, 0.0152363858869421
24, 116, 0.0157491525022949
24, 117, 0.016291114738381
24, 118, 0.0168631875841067
24, 119, 0.0174662950071853
24, 120, 0.018101367098665
24, 121, 0.0187693371327208
24, 122, 0.0194711385483344
24, 123, 0.0202077018602066
24, 124, 0.0209799515070114
24, 125, 0.0217888026458128
24, 126, 0.0226351579021539
24, 127, 0.0235199040860309
24, 128, 0.0244439088845515
24, 129, 0.0254080175426846
24, 130, 0.026413049544037
24, 131, 0.0274597953040301
24, 132, 0.0285490128882832
24, 133, 0.0296814247692877
24, 134, 0.0308577146347316
24, 135, 0.0320785242609691
24, 136, 0.0333444504651789
24, 137, 0.0346560421497683
24, 138, 0.0360137974524038
24, 139, 0.0374181610148701
24, 140, 0.0388695213836043
24, 141, 0.0403682085543767
24, 142, 0.0419144916730417
24, 143, 0.0435085769037085
24, 144, 0.0451506054749877
24, 145, 0.0468406519141772
24, 146, 0.0485787224784469
24, 147, 0.0503647537910968
24, 148, 0.0521986116900454
24, 149, 0.0540800902946108
24, 150, 0.0560089112955885
24, 151, 0.0579847234724829
24, 152, 0.0600071024406205
24, 153, 0.0620755506296478
24, 154, 0.0641894974937851
24, 155, 0.0663482999529725
24, 156, 0.0685512430628917
24, 157, 0.0707975409106857
24, 158, 0.0730863377320541
24, 159, 0.0754167092443107
24, 160, 0.0777876641889592
24, 161, 0.0801981460763164
24, 162, 0.0826470351237915
24, 163, 0.085133150378571
24, 164, 0.0876552520146304
24, 165, 0.0902120437932972
24, 166, 0.0928021756759529
24, 167, 0.0954242465768676
24, 168, 0.0980768072437422
24, 169, 0.100758363253099
24, 170, 0.1034673781074
24, 171, 0.106202276420546
24, 172, 0.108961447178283
24, 173, 0.111743247060008
24, 174, 0.114546003808514
24, 175, 0.117368019634306
24, 176, 0.120207574641338
24, 177, 0.123062930261274
24, 178, 0.125932332683689
24, 179, 0.128814016270025
24, 180, 0.131706206939559
24, 181, 0.134607125516081
24, 182, 0.137514991024613
24, 183, 0.140428023927907
24, 184, 0.143344449293237
24, 185, 0.146262499880455
24, 186, 0.149180419143039
24, 187, 0.15209646413445
24, 188, 0.155008908312814
24, 189, 0.157916044237572
24, 190, 0.160816186152467
24, 191, 0.163707672449809
24, 192, 0.166588868011728
24, 193, 0.169458166424622
24, 194, 0.172313992063788
24, 195, 0.175154802045676
24, 196, 0.177979088045918
24, 197, 0.180785377981754
24, 198, 0.183572237558072
24, 199, 0.186338271676763
24, 200, 0.189082125709581
24, 201, 0.191802486635168
24, 202, 0.194498084041317
24, 203, 0.197167690993945
24, 204, 0.199810124774666
24, 205, 0.202424247489121
24, 206, 0.205008966548626
24, 207, 0.20756323502794
24, 208, 0.210086051902212
24, 209, 0.212576462166474
24, 210, 0.215033556841176
24, 211, 0.217456472867535
24, 212, 0.219844392896581
24, 213, 0.222196544975964
24, 214, 0.224512202138727
24, 215, 0.226790681898315
24, 216, 0.229031345654248
24, 217, 0.231233598012898
24, 218, 0.233396886027932
24, 219, 0.235520698364965
24, 220, 0.237604564395042
24, 221, 0.239648053221585
24, 222, 0.241650772645397
24, 223, 0.243612368072381
24, 224, 0.245532521368529
24, 225, 0.247410949666791
24, 226, 0.249247404130312
24, 227, 0.251041668676531
24, 228, 0.252793558666596
24, 229, 0.254502919564366
24, 230, 0.256169625569363
24, 231, 0.257793578227827
24, 232, 0.259374705025989
24, 233, 0.260912957969598
24, 234, 0.262408312153604
24, 235, 0.263860764325809
24, 236, 0.265270331448224
24, 237, 0.266637049259691
24, 238, 0.267960970843281
24, 239, 0.269242165201807
24, 240, 0.27048071584474
24, 241, 0.271676719389573
24, 242, 0.27283028418074
24, 243, 0.273941528928856
24, 244, 0.275010581373115
24, 245, 0.276037576969419
24, 246, 0.277022657606767
24, 247, 0.277965970354281
24, 248, 0.278867666241112
24, 249, 0.279727899071389
24, 250, 0.28054682427619
24, 251, 0.281324597804487
24, 252, 0.282061375054805
24, 253, 0.282757309849301
24, 254, 0.283412553451819
24, 255, 0.284027253631371
24, 256, 0.284601553772427
24, 257, 0.285135592033247
24, 258, 0.28562950055344
24, 259, 0.286083404711779
24, 260, 0.286497422435301
24, 261, 0.28687166356055
24, 262, 0.28720622924776
24, 263, 0.287501211448746
24, 264, 0.287756692429104
24, 265, 0.287972744345317
24, 266, 0.288149428877266
24, 267, 0.288286796916556
24, 268, 0.288384888311044
24, 269, 0.28844373166582
24, 270, 0.288463344200912
24, 271, 0.28844373166582
24, 272, 0.288384888311044
24, 273, 0.288286796916556
24, 274, 0.288149428877266
24, 275, 0.287972744345317
24, 276, 0.287756692429105
24, 277, 0.287501211448747
24, 278, 0.287206229247761
24, 279, 0.286871663560549
24, 280, 0.2864974224353
24, 281, 0.286083404711777
24, 282, 0.285629500553441
24, 283, 0.28513559203325
24, 284, 0.284601553772427
24, 285, 0.284027253631371
24, 286, 0.283412553451821
24, 287, 0.282757309849302
24, 288, 0.282061375054804
24, 289, 0.281324597804486
24, 290, 0.28054682427619
24, 291, 0.27972789907139
24, 292, 0.278867666241112
24, 293, 0.277965970354279
24, 294, 0.277022657606767
24, 295, 0.276037576969419
24, 296, 0.275010581373114
24, 297, 0.273941528928855
24, 298, 0.272830284180739
24, 299, 0.271676719389573
24, 300, 0.270480715844739
24, 301, 0.269242165201807
24, 302, 0.267960970843281
24, 303, 0.266637049259692
24, 304, 0.265270331448224
24, 305, 0.263860764325808
24, 306, 0.262408312153603
24, 307, 0.260912957969598
24, 308, 0.259374705025989
24, 309, 0.257793578227827
24, 310, 0.256169625569364
24, 311, 0.254502919564367
24, 312, 0.252793558666597
24, 313, 0.251041668676533
24, 314, 0.249247404130311
24, 315, 0.247410949666792
24, 316, 0.24553252136853
24, 317, 0.243612368072381
24, 318, 0.241650772645397
24, 319, 0.239648053221584
24, 320, 0.237604564395043
24, 321, 0.235520698364965
24, 322, 0.233396886027933
24, 323, 0.231233598012897
24, 324, 0.229031345654248
24, 325, 0.226790681898315
24, 326, 0.224512202138728
24, 327, 0.222196544975965
24, 328, 0.219844392896581
24, 329, 0.217456472867535
24, 330, 0.215033556841177
24, 331, 0.212576462166474
24, 332, 0.210086051902212
24, 333, 0.20756323502794
24, 334, 0.205008966548626
24, 335, 0.20242424748912
24, 336, 0.199810124774666
24, 337, 0.197167690993946
24, 338, 0.194498084041316
24, 339, 0.191802486635168
24, 340, 0.189082125709579
24, 341, 0.186338271676762
24, 342, 0.183572237558072
24, 343, 0.180785377981754
24, 344, 0.177979088045919
24, 345, 0.175154802045675
24, 346, 0.172313992063787
24, 347, 0.169458166424621
24, 348, 0.166588868011727
24, 349, 0.16370767244981
24, 350, 0.160816186152467
24, 351, 0.157916044237572
24, 352, 0.155008908312814
24, 353, 0.152096464134451
24, 354, 0.14918041914304
24, 355, 0.146262499880454
24, 356, 0.143344449293237
24, 357, 0.140428023927907
24, 358, 0.137514991024612
24, 359, 0.134607125516081
24, 360, 0.131706206939559
25, 0, 0.131095064942449
25, 1, 0.128101934192577
25, 2, 0.125120090178637
25, 3, 0.122151435083852
25, 4, 0.119197862655682
25, 5, 0.116261254443989
25, 6, 0.113343476001981
25, 7, 0.110446373063185
25, 8, 0.107571767708293
25, 9, 0.104721454536206
25, 10, 0.101897196854026
25, 11, 0.0991007229010929
25, 12, 0.0963337221224415
25, 13, 0.0935978415072349
25, 14, 0.0908946820078102
25, 15, 0.0882257950550012
25, 16, 0.0855926791852407
25, 17, 0.0829967767948023
25, 18, 0.080439471036182
25, 19, 0.0779220828712105
25, 20, 0.0754458682949729
25, 21, 0.0730120157439744
25, 22, 0.0706216437012589
25, 23, 0.0682757985103383
25, 24, 0.0659754524089001
25, 25, 0.0637215017922
25, 26, 0.0615147657149839
25, 27, 0.0593559846395743
25, 28, 0.0572458194365533
25, 29, 0.0551848506431386
25, 30, 0.0531735779830339
25, 31, 0.051212420150133
25, 32, 0.0493017148570701
25, 33, 0.0474417191481789
25, 34, 0.0456326099750063
25, 35, 0.0438744850311349
25, 36, 0.0421673638416653
25, 37, 0.0405111891013746
25, 38, 0.0389058282542782
25, 39, 0.0373510753060605
25, 40, 0.0358466528596925
25, 41, 0.0343922143634394
25, 42, 0.0329873465594927
25, 43, 0.0316315721205118
25, 44, 0.0303243524605928
25, 45, 0.0290650907064702
25, 46, 0.0278531348141716
25, 47, 0.0266877808158937
25, 48, 0.0255682761815137
25, 49, 0.0244938232789182
25, 50, 0.0234635829172347
25, 51, 0.0224766779570453
25, 52, 0.0215321969717972
25, 53, 0.0206291979448443
25, 54, 0.0197667119868962
25, 55, 0.0189437470590834
25, 56, 0.0181592916873655
25, 57, 0.0174123186546243
25, 58, 0.0167017886574564
25, 59, 0.0160266539154303
25, 60, 0.015385861721363
25, 61, 0.0147783579220326
25, 62, 0.0142030903196069
25, 63, 0.0136590119849812
25, 64, 0.0131450844751353
25, 65, 0.012660280947547
25, 66, 0.0122035891656151
25, 67, 0.011774014389949
25, 68, 0.0113705821512784
25, 69, 0.0109923409015671
25, 70, 0.0106383645407524
25, 71, 0.0103077548172829
25, 72, 0.00999964360136447
25, 73, 0.00971319503047038
25, 74, 0.00944760752728754
25, 75, 0.00920211569080663
25, 76, 0.00897599206173883
25, 77, 0.00876854876384353
25, 78, 0.00857913902309343
25, 79, 0.0084071585668723
25, 80, 0.00825204690558979
25, 81, 0.00811328849924127
25, 82, 0.00799041381150539
25, 83, 0.00788300025396537
25, 84, 0.00779067302300402
25, 85, 0.00771310583179557
25, 86, 0.00765002153966844
25, 87, 0.00760119268090238
25, 88, 0.00756644189477436
25, 89, 0.00754564225839009
25, 90, 0.00753871752352959
25, 91, 0.00754564225839011
25, 92, 0.00756644189477428
25, 93, 0.0076011926809024
25, 94, 0.00765002153966843
25, 95, 0.00771310583179561
25, 96, 0.00779067302300403
25, 97, 0.00788300025396544
25, 98, 0.00799041381150544
25, 99, 0.00811328849924122
25, 100, 0.00825204690558974
25, 101, 0.00840715856687229
25, 102, 0.00857913902309336
25, 103, 0.0087685487638435
25, 104, 0.00897599206173884
25, 105, 0.00920211569080657
25, 106, 0.00944760752728759
25, 107, 0.0097131950304706
25, 108, 0.00999964360136447
25, 109, 0.010307754817283
25, 110, 0.0106383645407524
25, 111, 0.0109923409015671
25, 112, 0.0113705821512785
25, 113, 0.011774014389949
25, 114, 0.0122035891656151
25, 115, 0.012660280947547
25, 116, 0.0131450844751351
25, 117, 0.0136590119849811
25, 118, 0.014203090319607
25, 119, 0.0147783579220326
25, 120, 0.015385861721363
25, 121, 0.0160266539154302
25, 122, 0.0167017886574565
25, 123, 0.0174123186546242
25, 124, 0.0181592916873656
25, 125, 0.0189437470590831
25, 126, 0.0197667119868963
25, 127, 0.0206291979448444
25, 128, 0.0215321969717972
25, 129, 0.022476677957045
25, 130, 0.0234635829172348
25, 131, 0.0244938232789183
25, 132, 0.0255682761815136
25, 133, 0.0266877808158938
25, 134, 0.0278531348141712
25, 135, 0.0290650907064703
25, 136, 0.0303243524605924
25, 137, 0.0316315721205116
25, 138, 0.0329873465594928
25, 139, 0.0343922143634393
25, 140, 0.0358466528596925
25, 141, 0.0373510753060611
25, 142, 0.0389058282542782
25, 143, 0.0405111891013745
25, 144, 0.0421673638416652
25, 145, 0.0438744850311353
25, 146, 0.0456326099750063
25, 147, 0.0474417191481791
25, 148, 0.0493017148570701
25, 149, 0.0512124201501326
25, 150, 0.053173577983034
25, 151, 0.0551848506431386
25, 152, 0.0572458194365527
25, 153, 0.0593559846395744
25, 154, 0.0615147657149841
25, 155, 0.0637215017921999
25, 156, 0.0659754524089
25, 157, 0.0682757985103385
25, 158, 0.070621643701259
25, 159, 0.0730120157439744
25, 160, 0.0754458682949726
25, 161, 0.0779220828712107
25, 162, 0.0804394710361816
25, 163, 0.0829967767948021
25, 164, 0.0855926791852401
25, 165, 0.088225795055001
25, 166, 0.0908946820078103
25, 167, 0.0935978415072348
25, 168, 0.0963337221224415
25, 169, 0.0991007229010932
25, 170, 0.101897196854026
25, 171, 0.104721454536206
25, 172, 0.107571767708293
25, 173, 0.110446373063185
25, 174, 0.113343476001981
25, 175, 0.11626125444399
25, 176, 0.119197862655682
25, 177, 0.122151435083853
25, 178, 0.125120090178637
25, 179, 0.128101934192576
25, 180, 0.131095064942449
25, 181, 0.134097575521183
25, 182, 0.137107557947861
25, 183, 0.140123106744471
25, 184, 0.143142322428816
25, 185, 0.146163314913742
25, 186, 0.149184206803585
25, 187, 0.152203136579572
25, 188, 0.155218261666612
25, 189, 0.158227761374795
25, 190, 0.161229839709613
25, 191, 0.164222728045736
25, 192, 0.167204687659893
25, 193, 0.170174012119184
25, 194, 0.173129029521798
25, 195, 0.176068104587872
25, 196, 0.178989640598816
25, 197, 0.181892081184079
25, 198, 0.184773911954974
25, 199, 0.18763366198565
25, 200, 0.190469905141892
25, 201, 0.193281261258946
25, 202, 0.196066397169942
25, 203, 0.198824027586999
25, 204, 0.201552915837462
25, 205, 0.204251874458056
25, 206, 0.20691976565012
25, 207, 0.209555501599353
25, 208, 0.212158044663781
25, 209, 0.214726407433894
25, 210, 0.217259652669135
25, 211, 0.219756893115077
25, 212, 0.222217291205839
25, 213, 0.224640058656368
25, 214, 0.227024455949409
25, 215, 0.229369791722031
25, 216, 0.231675422056673
25, 217, 0.233940749681743
25, 218, 0.236165223086842
25, 219, 0.238348335557738
25, 220, 0.240489624136173
25, 221, 0.242588668509648
25, 222, 0.244645089836315
25, 223, 0.246658549510002
25, 224, 0.248628747870499
25, 225, 0.250555422864035
25, 226, 0.252438348658962
25, 227, 0.254277334221449
25, 228, 0.256072221856094
25, 229, 0.25782288571608
25, 230, 0.259529230287578
25, 231, 0.261191188852896
25, 232, 0.262808721936848
25, 233, 0.264381815740608
25, 234, 0.265910480567319
25, 235, 0.267394749243518
25, 236, 0.268834675540325
25, 237, 0.270230332598283
25, 238, 0.271581811359491
25, 239, 0.272889219010671
25, 240, 0.274152677440538
25, 241, 0.275372321714841
25, 242, 0.27654829857216
25, 243, 0.277680764943551
25, 244, 0.278769886498879
25, 245, 0.279815836222592
25, 246, 0.280818793021542
25, 247, 0.281778940367327
25, 248, 0.282696464975495
25, 249, 0.28357155552378
25, 250, 0.284404401411479
25, 251, 0.285195191561901
25, 252, 0.285944113269694
25, 253, 0.286651351094791
25, 254, 0.287317085804498
25, 255, 0.28794149336525
25, 256, 0.288524743985367
25, 257, 0.289067001210069
25, 258, 0.289568421069902
25, 259, 0.290029151283647
25, 260, 0.290449330516655
25, 261, 0.290829087695486
25, 262, 0.291168541379652
25, 263, 0.291467799191162
25, 264, 0.291726957302487
25, 265, 0.291946099983525
25, 266, 0.292125299208002
25, 267, 0.292264614319771
25, 268, 0.292364091759313
25, 269, 0.292423764850724
25, 270, 0.292443653649427
25, 271, 0.292423764850723
25, 272, 0.292364091759313
25, 273, 0.292264614319772
25, 274, 0.292125299208001
25, 275, 0.291946099983526
25, 276, 0.291726957302488
25, 277, 0.291467799191162
25, 278, 0.291168541379652
25, 279, 0.290829087695486
25, 280, 0.290449330516656
25, 281, 0.290029151283647
25, 282, 0.289568421069901
25, 283, 0.28906700121007
25, 284, 0.288524743985368
25, 285, 0.28794149336525
25, 286, 0.287317085804497
25, 287, 0.286651351094791
25, 288, 0.285944113269694
25, 289, 0.285195191561899
25, 290, 0.28440440141148
25, 291, 0.283571555523782
25, 292, 0.282696464975497
25, 293, 0.281778940367328
25, 294, 0.280818793021542
25, 295, 0.279815836222592
25, 296, 0.278769886498881
25, 297, 0.277680764943552
25, 298, 0.27654829857216
25, 299, 0.275372321714842
25, 300, 0.274152677440538
25, 301, 0.272889219010669
25, 302, 0.27158181135949
25, 303, 0.270230332598282
25, 304, 0.268834675540326
25, 305, 0.267394749243516
25, 306, 0.265910480567319
25, 307, 0.264381815740608
25, 308, 0.262808721936848
25, 309, 0.261191188852897
25, 310, 0.259529230287578
25, 311, 0.25782288571608
25, 312, 0.256072221856095
25, 313, 0.25427733422145
25, 314, 0.25243834865896
25, 315, 0.250555422864036
25, 316, 0.248628747870499
25, 317, 0.246658549510003
25, 318, 0.244645089836315
25, 319, 0.242588668509649
25, 320, 0.240489624136172
25, 321, 0.238348335557738
25, 322, 0.236165223086841
25, 323, 0.233940749681742
25, 324, 0.231675422056674
25, 325, 0.229369791722032
25, 326, 0.227024455949409
25, 327, 0.224640058656368
25, 328, 0.22221729120584
25, 329, 0.219756893115078
25, 330, 0.217259652669134
25, 331, 0.214726407433894
25, 332, 0.212158044663782
25, 333, 0.209555501599353
25, 334, 0.20691976565012
25, 335, 0.204251874458055
25, 336, 0.201552915837463
25, 337, 0.198824027587
25, 338, 0.196066397169942
25, 339, 0.193281261258946
25, 340, 0.190469905141892
25, 341, 0.18763366198565
25, 342, 0.184773911954975
25, 343, 0.181892081184079
25, 344, 0.178989640598815
25, 345, 0.176068104587873
25, 346, 0.173129029521798
25, 347, 0.170174012119184
25, 348, 0.167204687659893
25, 349, 0.164222728045735
25, 350, 0.161229839709614
25, 351, 0.158227761374795
25, 352, 0.155218261666612
25, 353, 0.152203136579572
25, 354, 0.149184206803586
25, 355, 0.146163314913742
25, 356, 0.143142322428816
25, 357, 0.14012310674447
25, 358, 0.137107557947861
25, 359, 0.134097575521183
25, 360, 0.131095064942448
26, 0, 0.130444707346836
26, 1, 0.127353631005596
26, 2, 0.124274643265227
26, 3, 0.121209777650269
26, 4, 0.118161059371192
26, 5, 0.115130501167242
26, 6, 0.112120099101063
26, 7, 0.109131828320016
26, 8, 0.106167638799761
26, 9, 0.103229451086305
26, 10, 0.100319152053301
26, 11, 0.0974385906917987
26, 12, 0.0945895739500413
26, 13, 0.0917738626411754
26, 14, 0.0889931674368831
26, 15, 0.0862491449650029
26, 16, 0.0835433940291455
26, 17, 0.0808774519680673
26, 18, 0.0782527911723181
26, 19, 0.075670815775144
26, 20, 0.073132858534111
26, 21, 0.0706401779191753
26, 22, 0.0681939554221098
26, 23, 0.0657952931012183
26, 24, 0.063445211374233
26, 25, 0.0611446470710746
26, 26, 0.0588944517568901
26, 27, 0.0566953903344121
26, 28, 0.0545481399331954
26, 29, 0.0524532890917979
26, 30, 0.0504113372373349
26, 31, 0.0484226944652555
26, 32, 0.0464876816204729
26, 33, 0.0446065306793335
26, 34, 0.0427793854302039
26, 35, 0.0410063024488084
26, 36, 0.0392872523627693
26, 37, 0.0376221213982467
26, 38, 0.0360107132000053
26, 39, 0.0344527509147665
26, 40, 0.0329478795263453
26, 41, 0.0314956684297432
26, 42, 0.0300956142302362
26, 43, 0.0287471437523915
26, 44, 0.027449617243045
26, 45, 0.0262023317514493
26, 46, 0.0250045246691561
26, 47, 0.0238553774116611
26, 48, 0.0227540192234799
26, 49, 0.0216995310880838
26, 50, 0.02069094972405
26, 51, 0.0197272716488359
26, 52, 0.0188074572917794
26, 53, 0.0179304351382615
26, 54, 0.0170951058874303
26, 55, 0.0163003466064343
26, 56, 0.0155450148648269
26, 57, 0.0148279528335525
26, 58, 0.0141479913338067
26, 59, 0.013503953822009
26, 60, 0.0128946602981102
26, 61, 0.0123189311255402
26, 62, 0.0117755907521672
26, 63, 0.0112634713227826
26, 64, 0.0107814161747363
26, 65, 0.0103282832095021
26, 66, 0.00990294813405135
26, 67, 0.00950430756703155
26, 68, 0.00913128200580051
26, 69, 0.00878281865139981
26, 70, 0.00845789408952015
26, 71, 0.00815551682642146
26, 72, 0.00787472967962849
26, 73, 0.00761461202398585
26, 74, 0.00737428189436103
26, 75, 0.00715289794690235
26, 76, 0.00694966128128622
26, 77, 0.0067638171268335
26, 78, 0.00659465639574958
26, 79, 0.00644151710699465
26, 80, 0.00630378568449708
26, 81, 0.00618089813352036
26, 82, 0.00607234109901829
26, 83, 0.0059776528097629
26, 84, 0.00589642391190515
26, 85, 0.00582829819543169
26, 86, 0.00577297321673063
26, 87, 0.00573020082016893
26, 88, 0.00569978756121539
26, 89, 0.00568159503325534
26, 90, 0.00567554009978982
26, 91, 0.00568159503325541
26, 92, 0.00569978756121535
26, 93, 0.00573020082016892
26, 94, 0.00577297321673062
26, 95, 0.00582829819543168
26, 96, 0.00589642391190519
26, 97, 0.00597765280976289
26, 98, 0.00607234109901823
26, 99, 0.00618089813352018
26, 100, 0.0063037856844971
26, 101, 0.00644151710699466
26, 102, 0.00659465639574956
26, 103, 0.00676381712683354
26, 104, 0.00694966128128615
26, 105, 0.00715289794690236
26, 106, 0.00737428189436108
26, 107, 0.00761461202398587
26, 108, 0.00787472967962871
26, 109, 0.00815551682642131
26, 110, 0.00845789408952005
26, 111, 0.00878281865139982
26, 112, 0.00913128200580054
26, 113, 0.00950430756703169
26, 114, 0.00990294813405139
26, 115, 0.0103282832095021
26, 116, 0.0107814161747363
26, 117, 0.0112634713227826
26, 118, 0.0117755907521674
26, 119, 0.0123189311255402
26, 120, 0.0128946602981103
26, 121, 0.013503953822009
26, 122, 0.014147991333807
26, 123, 0.0148279528335527
26, 124, 0.015545014864827
26, 125, 0.016300346606434
26, 126, 0.0170951058874303
26, 127, 0.0179304351382615
26, 128, 0.0188074572917795
26, 129, 0.0197272716488359
26, 130, 0.0206909497240501
26, 131, 0.0216995310880839
26, 132, 0.0227540192234797
26, 133, 0.0238553774116612
26, 134, 0.0250045246691558
26, 135, 0.0262023317514493
26, 136, 0.0274496172430447
26, 137, 0.028747143752392
26, 138, 0.030095614230236
26, 139, 0.0314956684297433
26, 140, 0.0329478795263453
26, 141, 0.0344527509147668
26, 142, 0.0360107132000054
26, 143, 0.0376221213982467
26, 144, 0.0392872523627691
26, 145, 0.041006302448809
26, 146, 0.0427793854302042
26, 147, 0.0446065306793335
26, 148, 0.0464876816204729
26, 149, 0.0484226944652553
26, 150, 0.0504113372373347
26, 151, 0.0524532890917978
26, 152, 0.0545481399331954
26, 153, 0.056695390334412
26, 154, 0.0588944517568903
26, 155, 0.0611446470710747
26, 156, 0.0634452113742334
26, 157, 0.0657952931012181
26, 158, 0.0681939554221098
26, 159, 0.0706401779191755
26, 160, 0.073132858534111
26, 161, 0.0756708157751445
26, 162, 0.0782527911723181
26, 163, 0.0808774519680675
26, 164, 0.0835433940291454
26, 165, 0.086249144965003
26, 166, 0.0889931674368832
26, 167, 0.0917738626411757
26, 168, 0.0945895739500418
26, 169, 0.0974385906917985
26, 170, 0.100319152053301
26, 171, 0.103229451086304
26, 172, 0.106167638799761
26, 173, 0.109131828320016
26, 174, 0.112120099101063
26, 175, 0.115130501167243
26, 176, 0.118161059371192
26, 177, 0.121209777650269
26, 178, 0.124274643265227
26, 179, 0.127353631005596
26, 180, 0.130444707346836
26, 181, 0.133545834545134
26, 182, 0.136654974656518
26, 183, 0.13977009346777
26, 184, 0.14288916432753
26, 185, 0.146010171866869
26, 186, 0.149131115599484
26, 187, 0.152250013392693
26, 188, 0.155364904801184
26, 189, 0.15847385425652
26, 190, 0.161574954106218
26, 191, 0.164666327497133
26, 192, 0.167746131098754
26, 193, 0.170812557662811
26, 194, 0.173863838416442
26, 195, 0.176898245286872
26, 196, 0.179914092956379
26, 197, 0.182909740746898
26, 198, 0.18588359433438
26, 199, 0.188834107293551
26, 200, 0.191759782474305
26, 201, 0.194659173211543
26, 202, 0.19753088437069
26, 203, 0.200373573231592
26, 204, 0.203185950213938
26, 205, 0.205966779447683
26, 206, 0.208714879192281
26, 207, 0.21142912210889
26, 208, 0.214108435389912
26, 209, 0.216751800750504
26, 210, 0.219358254286903
26, 211, 0.221926886206578
26, 212, 0.224456840435377
26, 213, 0.226947314106969
26, 214, 0.229397556939957
26, 215, 0.231806870508209
26, 216, 0.234174607409881
26, 217, 0.236500170340799
26, 218, 0.238783011077782
26, 219, 0.241022629377566
26, 220, 0.243218571796966
26, 221, 0.245370430439883
26, 222, 0.247477841636779
26, 223, 0.249540484562136
26, 224, 0.251558079795438
26, 225, 0.253530387831079
26, 226, 0.255457207542587
26, 227, 0.257338374606432
26, 228, 0.259173759890616
26, 229, 0.260963267813134
26, 230, 0.262706834675287
26, 231, 0.264404426974732
26, 232, 0.266056039703007
26, 233, 0.267661694632144
26, 234, 0.269221438594899
26, 235, 0.270735341762908
26, 236, 0.272203495927016
26, 237, 0.273626012783838
26, 238, 0.275003022232458
26, 239, 0.276334670685068
26, 240, 0.277621119395121
26, 241, 0.278862542806504
26, 242, 0.280059126927011
26, 243, 0.28121106772929
26, 244, 0.28231856958223
26, 245, 0.283381843715679
26, 246, 0.284401106721151
26, 247, 0.285376579091079
26, 248, 0.286308483799001
26, 249, 0.287197044922939
26, 250, 0.288042486314091
26, 251, 0.288845030312755
26, 252, 0.289604896513396
26, 253, 0.290322300580507
26, 254, 0.290997453116859
26, 255, 0.291630558585622
26, 256, 0.292221814287691
26, 257, 0.292771409395423
26, 258, 0.293279524043986
26, 259, 0.293746328481262
26, 260, 0.294171982277313
26, 261, 0.294556633594203
26, 262, 0.294900418516962
26, 263, 0.295203460446339
26, 264, 0.295465869553965
26, 265, 0.295687742300441
26, 266, 0.295869161016782
26, 267, 0.296010193549643
26, 268, 0.296110892970595
26, 269, 0.296171297349773
26, 270, 0.296191429594028
26, 271, 0.296171297349774
26, 272, 0.296110892970596
26, 273, 0.296010193549643
26, 274, 0.295869161016782
26, 275, 0.295687742300442
26, 276, 0.295465869553965
26, 277, 0.295203460446338
26, 278, 0.294900418516962
26, 279, 0.294556633594203
26, 280, 0.294171982277313
26, 281, 0.293746328481263
26, 282, 0.293279524043986
26, 283, 0.292771409395424
26, 284, 0.29222181428769
26, 285, 0.291630558585623
26, 286, 0.29099745311686
26, 287, 0.290322300580508
26, 288, 0.289604896513398
26, 289, 0.288845030312755
26, 290, 0.28804248631409
26, 291, 0.287197044922939
26, 292, 0.286308483799001
26, 293, 0.28537657909108
26, 294, 0.284401106721153
26, 295, 0.28338184371568
26, 296, 0.28231856958223
26, 297, 0.281211067729291
26, 298, 0.280059126927011
26, 299, 0.278862542806504
26, 300, 0.27762111939512
26, 301, 0.276334670685069
26, 302, 0.275003022232459
26, 303, 0.273626012783839
26, 304, 0.272203495927017
26, 305, 0.270735341762908
26, 306, 0.2692214385949
26, 307, 0.267661694632145
26, 308, 0.266056039703007
26, 309, 0.264404426974733
26, 310, 0.262706834675286
26, 311, 0.260963267813133
26, 312, 0.259173759890617
26, 313, 0.257338374606433
26, 314, 0.255457207542587
26, 315, 0.25353038783108
26, 316, 0.251558079795438
26, 317, 0.249540484562135
26, 318, 0.247477841636779
26, 319, 0.245370430439883
26, 320, 0.243218571796966
26, 321, 0.241022629377567
26, 322, 0.238783011077782
26, 323, 0.236500170340799
26, 324, 0.234174607409881
26, 325, 0.23180687050821
26, 326, 0.229397556939959
26, 327, 0.226947314106969
26, 328, 0.224456840435378
26, 329, 0.221926886206576
26, 330, 0.219358254286902
26, 331, 0.216751800750505
26, 332, 0.214108435389912
26, 333, 0.211429122108891
26, 334, 0.20871487919228
26, 335, 0.205966779447683
26, 336, 0.203185950213938
26, 337, 0.200373573231592
26, 338, 0.19753088437069
26, 339, 0.194659173211544
26, 340, 0.191759782474304
26, 341, 0.188834107293552
26, 342, 0.185883594334381
26, 343, 0.182909740746898
26, 344, 0.179914092956379
26, 345, 0.176898245286873
26, 346, 0.173863838416442
26, 347, 0.170812557662812
26, 348, 0.167746131098754
26, 349, 0.164666327497133
26, 350, 0.161574954106217
26, 351, 0.15847385425652
26, 352, 0.155364904801184
26, 353, 0.152250013392692
26, 354, 0.149131115599485
26, 355, 0.146010171866868
26, 356, 0.14288916432753
26, 357, 0.13977009346777
26, 358, 0.136654974656518
26, 359, 0.133545834545134
26, 360, 0.130444707346836
27, 0, 0.129753324672917
27, 1, 0.126567509870947
27, 2, 0.123394607996017
27, 3, 0.120236786670888
27, 4, 0.117096205450608
27, 5, 0.113975011251982
27, 6, 0.110875333721965
27, 7, 0.107799280561534
27, 8, 0.104748932822489
27, 9, 0.101726340195424
27, 10, 0.0987335163077858
27, 11, 0.0957724340515279
27, 12, 0.0928450209603977
27, 13, 0.0899531546572337
27, 14, 0.0870986583919059
27, 15, 0.0842832966906719
27, 16, 0.0815087711376571
27, 17, 0.0787767163090283
27, 18, 0.0760886958800948
27, 19, 0.0734461989250836
27, 20, 0.0708506364287289
27, 21, 0.0683033380280059
27, 22, 0.0658055490014138
27, 23, 0.0633584275221243
27, 24, 0.0609630421900849
27, 25, 0.0586203698567931
27, 26, 0.0563312937549809
27, 27, 0.0540966019438327
27, 28, 0.0519169860786654
27, 29, 0.0497930405121833
27, 30, 0.0477252617325823
27, 31, 0.0457140481418151
27, 32, 0.0437597001753963
27, 33, 0.0418624207631162
27, 34, 0.0400223161280491
27, 35, 0.0382393969192658
27, 36, 0.0365135796717125
27, 37, 0.0348446885848302
27, 38, 0.0332324576096668
27, 39, 0.0316765328324961
27, 40, 0.0301764751413336
27, 41, 0.0287317631602171
27, 42, 0.0273417964347454
27, 43, 0.0260058988511262
27, 44, 0.0247233222699066
27, 45, 0.0234932503546302
27, 46, 0.0223148025749254
27, 47, 0.0211870383629411
27, 48, 0.020108961401657
27, 49, 0.0190795240233628
27, 50, 0.0180976316965589
27, 51, 0.0171621475796592
27, 52, 0.0162718971201576
27, 53, 0.0154256726783858
27, 54, 0.0146222381555788
27, 55, 0.013860333606715
27, 56, 0.0131386798194681
27, 57, 0.0124559828415915
27, 58, 0.011810938440146
27, 59, 0.0112022364771613
27, 60, 0.0106285651875629
27, 61, 0.0100886153465047
27, 62, 0.00958108431459212
27, 63, 0.00910467995085143
27, 64, 0.00865812438467701
27, 65, 0.00824015763937007
27, 66, 0.00784954110123281
27, 67, 0.00748506082950639
27, 68, 0.0071455307037196
27, 69, 0.0068297954062344
27, 70, 0.006536733238925
27, 71, 0.00626525877400751
27, 72, 0.00601432534001964
27, 73, 0.00578292734485694
27, 74, 0.00557010243856274
27, 75, 0.00537493351927638
27, 76, 0.00519655058632973
27, 77, 0.00503413244497566
27, 78, 0.00488690826760552
27, 79, 0.00475415901659133
27, 80, 0.00463521873405219
27, 81, 0.00452947570391376
27, 82, 0.00443637349159739
27, 83, 0.00435541186654838
27, 84, 0.00428614761260315
27, 85, 0.00422819523089689
27, 86, 0.00418122753964526
27, 87, 0.00414497617469688
27, 88, 0.00411923199425582
27, 89, 0.00410384539062647
27, 90, 0.00409872651124329
27, 91, 0.00410384539062645
27, 92, 0.00411923199425585
27, 93, 0.00414497617469686
27, 94, 0.00418122753964522
27, 95, 0.00422819523089691
27, 96, 0.00428614761260316
27, 97, 0.00435541186654841
27, 98, 0.00443637349159737
27, 99, 0.00452947570391373
27, 100, 0.00463521873405219
27, 101, 0.00475415901659138
27, 102, 0.00488690826760553
27, 103, 0.00503413244497563
27, 104, 0.00519655058632974
27, 105, 0.00537493351927638
27, 106, 0.0055701024385627
27, 107, 0.0057829273448569
27, 108, 0.00601432534001964
27, 109, 0.00626525877400748
27, 110, 0.00653673323892498
27, 111, 0.00682979540623438
27, 112, 0.0071455307037196
27, 113, 0.00748506082950641
27, 114, 0.00784954110123283
27, 115, 0.0082401576393701
27, 116, 0.00865812438467701
27, 117, 0.00910467995085148
27, 118, 0.00958108431459221
27, 119, 0.0100886153465047
27, 120, 0.0106285651875629
27, 121, 0.0112022364771612
27, 122, 0.0118109384401459
27, 123, 0.0124559828415916
27, 124, 0.0131386798194682
27, 125, 0.0138603336067149
27, 126, 0.0146222381555788
27, 127, 0.0154256726783859
27, 128, 0.0162718971201575
27, 129, 0.0171621475796592
27, 130, 0.0180976316965591
27, 131, 0.0190795240233628
27, 132, 0.0201089614016571
27, 133, 0.021187038362941
27, 134, 0.0223148025749254
27, 135, 0.0234932503546302
27, 136, 0.0247233222699067
27, 137, 0.0260058988511262
27, 138, 0.0273417964347454
27, 139, 0.0287317631602171
27, 140, 0.0301764751413335
27, 141, 0.0316765328324961
27, 142, 0.0332324576096668
27, 143, 0.0348446885848303
27, 144, 0.0365135796717125
27, 145, 0.038239396919266
27, 146, 0.0400223161280492
27, 147, 0.0418624207631162
27, 148, 0.0437597001753964
27, 149, 0.0457140481418153
27, 150, 0.0477252617325822
27, 151, 0.0497930405121831
27, 152, 0.0519169860786653
27, 153, 0.0540966019438328
27, 154, 0.0563312937549806
27, 155, 0.0586203698567931
27, 156, 0.0609630421900848
27, 157, 0.0633584275221242
27, 158, 0.0658055490014135
27, 159, 0.068303338028006
27, 160, 0.0708506364287286
27, 161, 0.0734461989250834
27, 162, 0.0760886958800947
27, 163, 0.078776716309028
27, 164, 0.0815087711376573
27, 165, 0.0842832966906723
27, 166, 0.0870986583919061
27, 167, 0.0899531546572337
27, 168, 0.0928450209603979
27, 169, 0.0957724340515277
27, 170, 0.098733516307786
27, 171, 0.101726340195425
27, 172, 0.104748932822488
27, 173, 0.107799280561534
27, 174, 0.110875333721965
27, 175, 0.113975011251981
27, 176, 0.117096205450607
27, 177, 0.120236786670888
27, 178, 0.123394607996017
27, 179, 0.126567509870947
27, 180, 0.129753324672917
27, 181, 0.132949881205193
27, 182, 0.136155009099364
27, 183, 0.139366543112488
27, 184, 0.14258232730646
27, 185, 0.145800219098047
27, 186, 0.149018093169084
27, 187, 0.15223384522742
27, 188, 0.155445395610286
27, 189, 0.158650692722788
27, 190, 0.161847716305281
27, 191, 0.165034480524385
27, 192, 0.168209036883368
27, 193, 0.171369476948573
27, 194, 0.174513934889439
27, 195, 0.17764058983055
27, 196, 0.18074766801488
27, 197, 0.183833444778255
27, 198, 0.186896246335665
27, 199, 0.189934451380758
27, 200, 0.192946492500447
27, 201, 0.195930857407118
27, 202, 0.19888608999142
27, 203, 0.201810791199089
27, 204, 0.204703619735675
27, 205, 0.20756329260342
27, 206, 0.210388585474844
27, 207, 0.213178332907905
27, 208, 0.215931428407876
27, 209, 0.218646824341259
27, 210, 0.221323531707285
27, 211, 0.223960619772712
27, 212, 0.226557215575721
27, 213, 0.229112503304908
27, 214, 0.231625723559343
27, 215, 0.23409617249584
27, 216, 0.236523200869556
27, 217, 0.238906212974081
27, 218, 0.241244665487225
27, 219, 0.24353806622864
27, 220, 0.245785972835456
27, 221, 0.247987991362019
27, 222, 0.250143774809846
27, 223, 0.252253021593762
27, 224, 0.254315473950193
27, 225, 0.256330916293477
27, 226, 0.258299173525933
27, 227, 0.260220109307431
27, 228, 0.26209362428995
27, 229, 0.263919654322635
27, 230, 0.265698168632649
27, 231, 0.267429167987034
27, 232, 0.269112682840622
27, 233, 0.270748771474932
27, 234, 0.272337518132787
27, 235, 0.273879031153323
27, 236, 0.275373441111746
27, 237, 0.276820898968239
27, 238, 0.278221574230045
27, 239, 0.279575653130759
27, 240, 0.280883336830557
27, 241, 0.28214483964101
27, 242, 0.283360387277928
27, 243, 0.284530215145473
27, 244, 0.285654566654693
27, 245, 0.286733691579352
27, 246, 0.287767844451869
27, 247, 0.288757283001938
27, 248, 0.28970226664027
27, 249, 0.29060305498975
27, 250, 0.291459906466131
27, 251, 0.292273076910222
27, 252, 0.293042818273448
27, 253, 0.293769377358437
27, 254, 0.294452994616215
27, 255, 0.295093903001445
27, 256, 0.295692326887014
27, 257, 0.296248481039184
27, 258, 0.29676256965437
27, 259, 0.297234785458556
27, 260, 0.29766530887022
27, 261, 0.298054307227571
27, 262, 0.298401934080806
27, 263, 0.298708328550017
27, 264, 0.298973614749291
27, 265, 0.299197901277504
27, 266, 0.299381280776201
27, 267, 0.299523829554922
27, 268, 0.299625607284272
27, 269, 0.299686656756946
27, 270, 0.299707003716931
27, 271, 0.299686656756947
27, 272, 0.29962560728427
27, 273, 0.299523829554923
27, 274, 0.299381280776201
27, 275, 0.299197901277504
27, 276, 0.298973614749292
27, 277, 0.298708328550017
27, 278, 0.298401934080806
27, 279, 0.298054307227572
27, 280, 0.29766530887022
27, 281, 0.297234785458557
27, 282, 0.296762569654369
27, 283, 0.296248481039185
27, 284, 0.295692326887013
27, 285, 0.295093903001443
27, 286, 0.294452994616215
27, 287, 0.293769377358437
27, 288, 0.293042818273448
27, 289, 0.292273076910222
27, 290, 0.291459906466132
27, 291, 0.290603054989751
27, 292, 0.289702266640269
27, 293, 0.288757283001938
27, 294, 0.28776784445187
27, 295, 0.286733691579354
27, 296, 0.285654566654693
27, 297, 0.284530215145473
27, 298, 0.283360387277928
27, 299, 0.282144839641011
27, 300, 0.280883336830557
27, 301, 0.27957565313076
27, 302, 0.278221574230045
27, 303, 0.276820898968239
27, 304, 0.275373441111746
27, 305, 0.273879031153323
27, 306, 0.272337518132787
27, 307, 0.270748771474931
27, 308, 0.269112682840622
27, 309, 0.267429167987034
27, 310, 0.265698168632648
27, 311, 0.263919654322634
27, 312, 0.26209362428995
27, 313, 0.26022010930743
27, 314, 0.258299173525933
27, 315, 0.256330916293477
27, 316, 0.254315473950194
27, 317, 0.252253021593762
27, 318, 0.250143774809846
27, 319, 0.247987991362018
27, 320, 0.245785972835455
27, 321, 0.243538066228641
27, 322, 0.241244665487224
27, 323, 0.238906212974082
27, 324, 0.236523200869557
27, 325, 0.234096172495842
27, 326, 0.231625723559342
27, 327, 0.229112503304907
27, 328, 0.22655721557572
27, 329, 0.223960619772711
27, 330, 0.221323531707285
27, 331, 0.218646824341259
27, 332, 0.215931428407876
27, 333, 0.213178332907904
27, 334, 0.210388585474843
27, 335, 0.207563292603421
27, 336, 0.204703619735675
27, 337, 0.201810791199088
27, 338, 0.198886089991421
27, 339, 0.195930857407119
27, 340, 0.192946492500446
27, 341, 0.189934451380758
27, 342, 0.186896246335665
27, 343, 0.183833444778255
27, 344, 0.18074766801488
27, 345, 0.17764058983055
27, 346, 0.17451393488944
27, 347, 0.171369476948572
27, 348, 0.168209036883368
27, 349, 0.165034480524386
27, 350, 0.161847716305282
27, 351, 0.158650692722788
27, 352, 0.155445395610285
27, 353, 0.15223384522742
27, 354, 0.149018093169084
27, 355, 0.145800219098048
27, 356, 0.14258232730646
27, 357, 0.139366543112488
27, 358, 0.136155009099365
27, 359, 0.132949881205193
27, 360, 0.129753324672916
28, 0, 0.129019064546135
28, 1, 0.125741934454327
28, 2, 0.122478564549311
28, 3, 0.119231258778355
28, 4, 0.116002313400242
28, 5, 0.112794011985088
28, 6, 0.109608620338083
28, 7, 0.106448381365515
28, 8, 0.103315509902459
28, 9, 0.100212187522516
28, 10, 0.0971405573508162
28, 11, 0.0941027189023152
28, 12, 0.0911007229680088
28, 13, 0.088136566572228
28, 14, 0.0852121880245343
28, 15, 0.0823294620899288
28, 16, 0.0794901953011477
28, 17, 0.0766961214366736
28, 18, 0.0739488971877841
28, 19, 0.0712500980374707
28, 20, 0.0686012143733775
28, 21, 0.0660036478560375
28, 22, 0.0634587080626573
28, 23, 0.0609676094254484
28, 24, 0.0585314684821169
28, 25, 0.0561513014545578
28, 26, 0.0538280221700724
28, 27, 0.0515624403375713
28, 28, 0.049355260189245
28, 29, 0.0472070794960734
28, 30, 0.0451183889633734
28, 31, 0.0430895720103129
28, 32, 0.0411209049350163
28, 33, 0.0392125574645454
28, 34, 0.0373645936866933
28, 35, 0.035576973358205
28, 36, 0.0338495535817387
28, 37, 0.0321820908416667
28, 38, 0.0305742433866578
28, 39, 0.0290255739449489
28, 40, 0.0275355527563026
28, 41, 0.0261035609028627
28, 42, 0.0247288939195206
28, 43, 0.0234107656629555
28, 44, 0.0221483124172683
28, 45, 0.0209405972130718
28, 46, 0.0197866143360486
28, 47, 0.0186852940003611
28, 48, 0.0176355071618558
28, 49, 0.0166360704458163
28, 50, 0.0156857511640053
28, 51, 0.0147832723959515
28, 52, 0.0139273181098488
28, 53, 0.0131165382990316
28, 54, 0.0123495541107744
28, 55, 0.0116249629451082
28, 56, 0.0109413435024471
28, 57, 0.0102972607600526
28, 58, 0.00969127085871158
28, 59, 0.00912192588246696
28, 60, 0.00858777851576189
28, 61, 0.00808738656396421
28, 62, 0.00761931732487199
28, 63, 0.00718215180046671
28, 64, 0.00677448873984576
28, 65, 0.00639494850592465
28, 66, 0.00604217676012027
28, 67, 0.00571484796080902
28, 68, 0.00541166867286467
28, 69, 0.00513138068703057
28, 70, 0.00487276394922435
28, 71, 0.00463463930113765
28, 72, 0.00441587103463467
28, 73, 0.00421536926348805
28, 74, 0.00403209211689836
28, 75, 0.00386504776002968
28, 76, 0.00371329624744452
28, 77, 0.00357595121584985
28, 78, 0.00345218142295272
28, 79, 0.0033412121394934
28, 80, 0.00324232640165602
28, 81, 0.00315486613107284
28, 82, 0.00307823312953424
28, 83, 0.00301188995529843
28, 84, 0.00295536068757598
28, 85, 0.00290823158534465
28, 86, 0.00287015164614316
28, 87, 0.00284083306990475
28, 88, 0.00282005163223486
28, 89, 0.00280764697082016
28, 90, 0.00280352278788622
28, 91, 0.00280764697082014
28, 92, 0.00282005163223487
28, 93, 0.00284083306990477
28, 94, 0.00287015164614316
28, 95, 0.00290823158534462
28, 96, 0.00295536068757598
28, 97, 0.00301188995529842
28, 98, 0.00307823312953424
28, 99, 0.00315486613107282
28, 100, 0.00324232640165602
28, 101, 0.00334121213949345
28, 102, 0.00345218142295273
28, 103, 0.00357595121584987
28, 104, 0.00371329624744456
28, 105, 0.00386504776002966
28, 106, 0.00403209211689835
28, 107, 0.00421536926348803
28, 108, 0.00441587103463466
28, 109, 0.00463463930113766
28, 110, 0.00487276394922434
28, 111, 0.0051313806870306
28, 112, 0.00541166867286466
28, 113, 0.00571484796080897
28, 114, 0.00604217676012031
28, 115, 0.00639494850592464
28, 116, 0.00677448873984579
28, 117, 0.00718215180046673
28, 118, 0.007619317324872
28, 119, 0.00808738656396442
28, 120, 0.00858777851576192
28, 121, 0.009121925882467
28, 122, 0.00969127085871163
28, 123, 0.0102972607600526
28, 124, 0.0109413435024471
28, 125, 0.0116249629451082
28, 126, 0.0123495541107743
28, 127, 0.0131165382990318
28, 128, 0.0139273181098489
28, 129, 0.0147832723959515
28, 130, 0.0156857511640053
28, 131, 0.0166360704458163
28, 132, 0.0176355071618557
28, 133, 0.0186852940003611
28, 134, 0.0197866143360486
28, 135, 0.0209405972130718
28, 136, 0.0221483124172683
28, 137, 0.0234107656629555
28, 138, 0.0247288939195207
28, 139, 0.0261035609028626
28, 140, 0.0275355527563025
28, 141, 0.0290255739449492
28, 142, 0.0305742433866577
28, 143, 0.0321820908416667
28, 144, 0.0338495535817386
28, 145, 0.035576973358205
28, 146, 0.0373645936866934
28, 147, 0.0392125574645455
28, 148, 0.0411209049350164
28, 149, 0.043089572010313
28, 150, 0.0451183889633734
28, 151, 0.0472070794960734
28, 152, 0.0493552601892456
28, 153, 0.0515624403375714
28, 154, 0.0538280221700726
28, 155, 0.056151301454558
28, 156, 0.0585314684821172
28, 157, 0.0609676094254482
28, 158, 0.0634587080626574
28, 159, 0.0660036478560376
28, 160, 0.0686012143733775
28, 161, 0.0712500980374708
28, 162, 0.0739488971877841
28, 163, 0.076696121436674
28, 164, 0.0794901953011478
28, 165, 0.0823294620899285
28, 166, 0.0852121880245344
28, 167, 0.0881365665722279
28, 168, 0.091100722968009
28, 169, 0.0941027189023157
28, 170, 0.0971405573508165
28, 171, 0.100212187522516
28, 172, 0.103315509902459
28, 173, 0.106448381365515
28, 174, 0.109608620338084
28, 175, 0.112794011985088
28, 176, 0.116002313400242
28, 177, 0.119231258778354
28, 178, 0.122478564549311
28, 179, 0.125741934454327
28, 180, 0.129019064546135
28, 181, 0.132307648095858
28, 182, 0.13560538039053
28, 183, 0.138909963406401
28, 184, 0.142219110344424
28, 185, 0.145530550015572
28, 186, 0.148842031064892
28, 187, 0.15215132602446
28, 188, 0.155456235186622
28, 189, 0.158754590290138
28, 190, 0.162044258013018
28, 191, 0.165323143266956
28, 192, 0.168589192289394
28, 193, 0.171840395530255
28, 194, 0.175074790331404
28, 195, 0.178290463397792
28, 196, 0.181485553060144
28, 197, 0.184658251329807
28, 198, 0.18780680574722
28, 199, 0.190929521026032
28, 200, 0.194024760495632
28, 201, 0.19709094734537
28, 202, 0.200126565674294
28, 203, 0.20313016135064
28, 204, 0.206100342685817
28, 205, 0.209035780927901
28, 206, 0.211935210580017
28, 207, 0.214797429549266
28, 208, 0.217621299132094
28, 209, 0.220405743842165
28, 210, 0.223149751087014
28, 211, 0.225852370699923
28, 212, 0.22851271433343
28, 213, 0.231129954721178
28, 214, 0.233703324814698
28, 215, 0.236232116801835
28, 216, 0.238715681013575
28, 217, 0.241153424725956
28, 218, 0.243544810863826
28, 219, 0.245889356613105
28, 220, 0.248186631948232
28, 221, 0.250436258081373
28, 222, 0.252637905839953
28, 223, 0.254791293978957
28, 224, 0.256896187434366
28, 225, 0.25895239552403
28, 226, 0.260959770102141
28, 227, 0.262918203673351
28, 228, 0.264827627472486
28, 229, 0.266688009515647
28, 230, 0.268499352628363
28, 231, 0.270261692456314
28, 232, 0.271975095463964
28, 233, 0.273639656926342
28, 234, 0.275255498918943
28, 235, 0.276822768310673
28, 236, 0.278341634764474
28, 237, 0.279812288750152
28, 238, 0.281234939573719
28, 239, 0.282609813427383
28, 240, 0.283937151464139
28, 241, 0.285217207900689
28, 242, 0.286450248152281
28, 243, 0.287636547002837
28, 244, 0.288776386813536
28, 245, 0.2898700557729
28, 246, 0.290917846191135
28, 247, 0.291920052841438
28, 248, 0.292876971350673
28, 249, 0.293788896641749
28, 250, 0.294656121429795
28, 251, 0.295478934774131
28, 252, 0.296257620687818
28, 253, 0.296992456806456
28, 254, 0.297683713117774
28, 255, 0.298331650753386
28, 256, 0.298936520843949
28, 257, 0.299498563438935
28, 258, 0.300018006491958
28, 259, 0.300495064912665
28, 260, 0.300929939685944
28, 261, 0.301322817059239
28, 262, 0.301673867798577
28, 263, 0.301983246513914
28, 264, 0.302251091054256
28, 265, 0.302477521973027
28, 266, 0.302662642064008
28, 267, 0.302806535968184
28, 268, 0.30290926985174
28, 269, 0.302970891155398
28, 270, 0.302991428415288
28, 271, 0.302970891155398
28, 272, 0.302909269851739
28, 273, 0.302806535968185
28, 274, 0.302662642064008
28, 275, 0.302477521973028
28, 276, 0.302251091054256
28, 277, 0.301983246513913
28, 278, 0.301673867798578
28, 279, 0.301322817059239
28, 280, 0.300929939685945
28, 281, 0.300495064912664
28, 282, 0.300018006491959
28, 283, 0.299498563438935
28, 284, 0.298936520843951
28, 285, 0.298331650753387
28, 286, 0.297683713117776
28, 287, 0.296992456806455
28, 288, 0.296257620687818
28, 289, 0.295478934774132
28, 290, 0.294656121429795
28, 291, 0.293788896641749
28, 292, 0.292876971350674
28, 293, 0.291920052841439
28, 294, 0.290917846191137
28, 295, 0.2898700557729
28, 296, 0.288776386813538
28, 297, 0.287636547002836
28, 298, 0.286450248152282
28, 299, 0.285217207900689
28, 300, 0.28393715146414
28, 301, 0.282609813427383
28, 302, 0.281234939573719
28, 303, 0.279812288750152
28, 304, 0.278341634764474
28, 305, 0.276822768310674
28, 306, 0.275255498918944
28, 307, 0.273639656926342
28, 308, 0.271975095463964
28, 309, 0.270261692456312
28, 310, 0.268499352628363
28, 311, 0.266688009515647
28, 312, 0.264827627472487
28, 313, 0.262918203673351
28, 314, 0.260959770102141
28, 315, 0.25895239552403
28, 316, 0.256896187434365
28, 317, 0.254791293978957
28, 318, 0.252637905839953
28, 319, 0.250436258081372
28, 320, 0.248186631948232
28, 321, 0.245889356613105
28, 322, 0.243544810863826
28, 323, 0.241153424725956
28, 324, 0.238715681013575
28, 325, 0.236232116801836
28, 326, 0.233703324814698
28, 327, 0.231129954721179
28, 328, 0.22851271433343
28, 329, 0.225852370699923
28, 330, 0.223149751087016
28, 331, 0.220405743842164
28, 332, 0.217621299132095
28, 333, 0.214797429549266
28, 334, 0.211935210580017
28, 335, 0.209035780927901
28, 336, 0.206100342685818
28, 337, 0.203130161350641
28, 338, 0.200126565674295
28, 339, 0.197090947345371
28, 340, 0.194024760495631
28, 341, 0.190929521026033
28, 342, 0.187806805747221
28, 343, 0.184658251329807
28, 344, 0.181485553060143
28, 345, 0.178290463397794
28, 346, 0.175074790331404
28, 347, 0.171840395530255
28, 348, 0.168589192289394
28, 349, 0.165323143266956
28, 350, 0.162044258013018
28, 351, 0.158754590290138
28, 352, 0.155456235186622
28, 353, 0.15215132602446
28, 354, 0.148842031064893
28, 355, 0.145530550015572
28, 356, 0.142219110344424
28, 357, 0.138909963406401
28, 358, 0.135605380390531
28, 359, 0.132307648095858
28, 360, 0.129019064546135
29, 0, 0.128240046157346
29, 1, 0.124875242130927
29, 2, 0.12152506918715
29, 3, 0.118191969248289
29, 4, 0.114878377067059
29, 5, 0.111586714782491
29, 6, 0.108319386382507
29, 7, 0.105078772093349
29, 8, 0.101867222717278
29, 9, 0.0986870539411773
29, 10, 0.0955405406397396
29, 11, 0.0924299111979091
29, 12, 0.0893573418780451
29, 13, 0.086324951257982
29, 14, 0.0833347947666276
29, 15, 0.080388859344097
29, 16, 0.0774890582534875
29, 17, 0.0746372260713464
29, 18, 0.0718351138835867
29, 19, 0.0690843847131204
29, 20, 0.0663866092047507
29, 21, 0.0637432615919206
29, 22, 0.061155715968768
29, 23, 0.0586252428895348
29, 24, 0.0561530063158222
29, 25, 0.0537400609303598
29, 26, 0.0513873498340212
29, 27, 0.0490957026406372
29, 28, 0.0468658339818828
29, 29, 0.0446983424320657
29, 30, 0.0425937098600954
29, 31, 0.0405523012132806
29, 32, 0.0385743647348944
29, 33, 0.036660032614711
29, 34, 0.0348093220689671
29, 35, 0.0330221368434641
29, 36, 0.0312982691308482
29, 37, 0.0296374018904845
29, 38, 0.028039111556826
29, 39, 0.0265028711197921
29, 40, 0.0250280535584265
29, 41, 0.0236139356070365
29, 42, 0.0222597018311437
29, 43, 0.0209644489888969
29, 44, 0.0197271906521775
29, 45, 0.0185468620604039
29, 46, 0.0174223251790999
29, 47, 0.0163523739345863
29, 48, 0.0153357395957099
29, 49, 0.0143710962733413
29, 50, 0.0134570665084341
29, 51, 0.0125922269197582
29, 52, 0.0117751138829746
29, 53, 0.0110042292134948
29, 54, 0.0102780458265716
29, 55, 0.00959501334924907
29, 56, 0.00895356366017883
29, 57, 0.00835211633482829
29, 58, 0.00778908397527746
29, 59, 0.00726287740557135
29, 60, 0.00677191071547455
29, 61, 0.00631460613739717
29, 62, 0.00588939874325457
29, 63, 0.00549474095001531
29, 64, 0.00512910682469608
29, 65, 0.00479099618153623
29, 66, 0.00447893846601548
29, 67, 0.00419149642224796
29, 68, 0.0039272695420716
29, 69, 0.00368489729584051
29, 70, 0.0034630621465078
29, 71, 0.00326049235003672
29, 72, 0.00307596454650003
29, 73, 0.00290830614739957
29, 74, 0.0027563975257666
29, 75, 0.00261917401647215
29, 76, 0.00249562773489266
29, 77, 0.00238480922262884
29, 78, 0.0022858289293761
29, 79, 0.00219785854028593
29, 80, 0.00212013215824831
29, 81, 0.00205194735047141
29, 82, 0.00199266606853856
29, 83, 0.00194171545079525
29, 84, 0.0018985885154682
29, 85, 0.00186284475235352
29, 86, 0.00183411062023947
29, 87, 0.00181207995647076
29, 88, 0.00179651430421227
29, 89, 0.00178724316205945
29, 90, 0.00178416415966787
29, 91, 0.00178724316205951
29, 92, 0.00179651430421225
29, 93, 0.00181207995647076
29, 94, 0.00183411062023947
29, 95, 0.0018628447523535
29, 96, 0.00189858851546825
29, 97, 0.00194171545079526
29, 98, 0.00199266606853855
29, 99, 0.0020519473504714
29, 100, 0.00212013215824832
29, 101, 0.00219785854028591
29, 102, 0.0022858289293761
29, 103, 0.00238480922262883
29, 104, 0.00249562773489254
29, 105, 0.00261917401647216
29, 106, 0.00275639752576661
29, 107, 0.00290830614739956
29, 108, 0.00307596454649999
29, 109, 0.00326049235003672
29, 110, 0.00346306214650775
29, 111, 0.00368489729584047
29, 112, 0.00392726954207156
29, 113, 0.00419149642224797
29, 114, 0.00447893846601546
29, 115, 0.00479099618153621
29, 116, 0.00512910682469606
29, 117, 0.00549474095001534
29, 118, 0.00588939874325458
29, 119, 0.00631460613739718
29, 120, 0.00677191071547452
29, 121, 0.00726287740557137
29, 122, 0.0077890839752774
29, 123, 0.00835211633482834
29, 124, 0.00895356366017885
29, 125, 0.00959501334924912
29, 126, 0.0102780458265716
29, 127, 0.0110042292134949
29, 128, 0.0117751138829746
29, 129, 0.0125922269197582
29, 130, 0.013457066508434
29, 131, 0.0143710962733414
29, 132, 0.0153357395957098
29, 133, 0.0163523739345864
29, 134, 0.0174223251790998
29, 135, 0.0185468620604038
29, 136, 0.0197271906521774
29, 137, 0.0209644489888968
29, 138, 0.0222597018311436
29, 139, 0.0236139356070367
29, 140, 0.0250280535584265
29, 141, 0.0265028711197921
29, 142, 0.028039111556826
29, 143, 0.0296374018904844
29, 144, 0.0312982691308485
29, 145, 0.0330221368434639
29, 146, 0.0348093220689672
29, 147, 0.0366600326147109
29, 148, 0.0385743647348944
29, 149, 0.0405523012132804
29, 150, 0.0425937098600954
29, 151, 0.0446983424320655
29, 152, 0.0468658339818826
29, 153, 0.049095702640637
29, 154, 0.051387349834021
29, 155, 0.0537400609303599
29, 156, 0.0561530063158214
29, 157, 0.058625242889535
29, 158, 0.0611557159687676
29, 159, 0.0637432615919204
29, 160, 0.0663866092047507
29, 161, 0.0690843847131204
29, 162, 0.0718351138835867
29, 163, 0.0746372260713462
29, 164, 0.0774890582534874
29, 165, 0.0803888593440969
29, 166, 0.0833347947666276
29, 167, 0.0863249512579819
29, 168, 0.0893573418780455
29, 169, 0.092429911197909
29, 170, 0.0955405406397401
29, 171, 0.0986870539411773
29, 172, 0.101867222717279
29, 173, 0.10507877209335
29, 174, 0.108319386382508
29, 175, 0.11158671478249
29, 176, 0.114878377067059
29, 177, 0.118191969248289
29, 178, 0.12152506918715
29, 179, 0.124875242130926
29, 180, 0.128240046157346
29, 181, 0.131617037506588
29, 182, 0.135003775783769
29, 183, 0.138397829015941
29, 184, 0.141796778549046
29, 185, 0.145198223771831
29, 186, 0.148599786655084
29, 187, 0.15199911609607
29, 188, 0.155393892059435
29, 189, 0.158781829507206
29, 190, 0.162160682111871
29, 191, 0.165528245747789
29, 192, 0.168882361757354
29, 193, 0.172220919989562
29, 194, 0.175541861609625
29, 195, 0.178843181679327
29, 196, 0.182122931508756
29, 197, 0.18537922078086
29, 198, 0.188610219451123
29, 199, 0.191814159425308
29, 200, 0.194989336018924
29, 201, 0.198134109202595
29, 202, 0.201246904638064
29, 203, 0.204326214510008
29, 204, 0.207370598159227
29, 205, 0.210378682523126
29, 206, 0.213349162389727
29, 207, 0.216280800471647
29, 208, 0.21917242730675
29, 209, 0.222022940992299
29, 210, 0.224831306759622
29, 211, 0.227596556396395
29, 212, 0.230317787523695
29, 213, 0.232994162735107
29, 214, 0.235624908605143
29, 215, 0.238209314574259
29, 216, 0.240746731717776
29, 217, 0.243236571405976
29, 218, 0.24567830386261
29, 219, 0.248071456629019
29, 220, 0.250415612941001
29, 221, 0.252710410025491
29, 222, 0.254955537324044
29, 223, 0.257150734650015
29, 224, 0.259295790286208
29, 225, 0.261390539029715
29, 226, 0.263434860190468
29, 227, 0.265428675549947
29, 228, 0.267371947286332
29, 229, 0.269264675872254
29, 230, 0.271106897951115
29, 231, 0.2728986841978
29, 232, 0.27464013716946
29, 233, 0.276331389151811
29, 234, 0.277972600006239
29, 235, 0.279563955022844
29, 236, 0.281105662784284
29, 237, 0.282597953045161
29, 238, 0.284041074631424
29, 239, 0.285435293364093
29, 240, 0.286780890011415
29, 241, 0.288078158273285
29, 242, 0.28932740280166
29, 243, 0.290528937260366
29, 244, 0.291683082427621
29, 245, 0.292790164344282
29, 246, 0.29385051251068
29, 247, 0.294864458134726
29, 248, 0.295832332433713
29, 249, 0.296754464992135
29, 250, 0.297631182177613
29, 251, 0.298462805616859
29, 252, 0.299249650733445
29, 253, 0.299992025348992
29, 254, 0.30069022834925
29, 255, 0.301344548416364
29, 256, 0.301955262828553
29, 257, 0.302522636328239
29, 258, 0.303046920059587
29, 259, 0.303528350576304
29, 260, 0.303967148920442
29, 261, 0.304363519772849
29, 262, 0.304717650675856
29, 263, 0.305029711328678
29, 264, 0.305299852955969
29, 265, 0.305528207749904
29, 266, 0.305714888386053
29, 267, 0.305859987613351
29, 268, 0.305963577918346
29, 269, 0.3060257112639
29, 270, 0.306046418902439
29, 271, 0.306025711263899
29, 272, 0.305963577918347
29, 273, 0.305859987613351
29, 274, 0.305714888386052
29, 275, 0.305528207749904
29, 276, 0.305299852955969
29, 277, 0.305029711328677
29, 278, 0.304717650675855
29, 279, 0.304363519772849
29, 280, 0.303967148920442
29, 281, 0.303528350576303
29, 282, 0.303046920059587
29, 283, 0.30252263632824
29, 284, 0.301955262828553
29, 285, 0.301344548416364
29, 286, 0.30069022834925
29, 287, 0.299992025348992
29, 288, 0.299249650733443
29, 289, 0.29846280561686
29, 290, 0.297631182177612
29, 291, 0.296754464992134
29, 292, 0.295832332433713
29, 293, 0.294864458134727
29, 294, 0.29385051251068
29, 295, 0.29279016434428
29, 296, 0.29168308242762
29, 297, 0.290528937260365
29, 298, 0.289327402801659
29, 299, 0.288078158273285
29, 300, 0.286780890011414
29, 301, 0.285435293364092
29, 302, 0.284041074631424
29, 303, 0.282597953045162
29, 304, 0.281105662784284
29, 305, 0.279563955022844
29, 306, 0.277972600006239
29, 307, 0.276331389151811
29, 308, 0.274640137169461
29, 309, 0.2728986841978
29, 310, 0.271106897951114
29, 311, 0.269264675872256
29, 312, 0.267371947286332
29, 313, 0.265428675549947
29, 314, 0.263434860190467
29, 315, 0.261390539029716
29, 316, 0.259295790286206
29, 317, 0.257150734650015
29, 318, 0.254955537324045
29, 319, 0.25271041002549
29, 320, 0.250415612941
29, 321, 0.248071456629019
29, 322, 0.245678303862609
29, 323, 0.243236571405976
29, 324, 0.240746731717775
29, 325, 0.238209314574259
29, 326, 0.235624908605143
29, 327, 0.232994162735106
29, 328, 0.230317787523694
29, 329, 0.227596556396395
29, 330, 0.224831306759622
29, 331, 0.222022940992297
29, 332, 0.21917242730675
29, 333, 0.216280800471648
29, 334, 0.213349162389727
29, 335, 0.210378682523125
29, 336, 0.207370598159227
29, 337, 0.204326214510008
29, 338, 0.201246904638064
29, 339, 0.198134109202594
29, 340, 0.194989336018922
29, 341, 0.191814159425308
29, 342, 0.188610219451123
29, 343, 0.18537922078086
29, 344, 0.182122931508756
29, 345, 0.178843181679327
29, 346, 0.175541861609624
29, 347, 0.172220919989562
29, 348, 0.168882361757354
29, 349, 0.165528245747789
29, 350, 0.162160682111872
29, 351, 0.158781829507205
29, 352, 0.155393892059435
29, 353, 0.15199911609607
29, 354, 0.148599786655084
29, 355, 0.145198223771832
29, 356, 0.141796778549046
29, 357, 0.138397829015942
29, 358, 0.13500377578377
29, 359, 0.131617037506588
29, 360, 0.128240046157346
30, 0, 0.127414376798408
30, 1, 0.123965759148378
30, 2, 0.120532668047924
30, 3, 0.117117684428094
30, 4, 0.113723382714145
30, 5, 0.110352324925505
30, 6, 0.107007054662837
30, 7, 0.103690091004087
30, 8, 0.10040392233312
30, 9, 0.0971510001258423
30, 10, 0.0939337327201178
30, 11, 0.0907544790969676
30, 12, 0.0876155427015589
30, 13, 0.0845191653333804
30, 14, 0.0814675211357062
30, 15, 0.0784627107148394
30, 16, 0.0755067554199923
30, 17, 0.0726015918145715
30, 18, 0.0697490663694681
30, 19, 0.0669509304084101
30, 20, 0.0642088353347592
30, 21, 0.0615243281680174
30, 22, 0.0588988474171313
30, 23, 0.0563337193160808
30, 24, 0.0538301544454748
30, 25, 0.0513892447618629
30, 26, 0.0490119610541594
30, 27, 0.0466991508442118
30, 28, 0.0444515367457771
30, 29, 0.0422697152934505
30, 30, 0.040154156250086
30, 31, 0.038105202398166
30, 32, 0.036123069817499
30, 33, 0.0342078486483379
30, 34, 0.0323595043358765
30, 35, 0.0305778793488558
30, 36, 0.0288626953618498
30, 37, 0.0272135558878048
30, 38, 0.0256299493443854
30, 39, 0.024111252534975
30, 40, 0.0226567345224927
30, 41, 0.0212655608718354
30, 42, 0.0199367982345455
30, 43, 0.0186694192473947
30, 44, 0.0174623077149144
30, 45, 0.016314264044548
30, 46, 0.015224010901994
30, 47, 0.0141901990535943
30, 48, 0.0132114133621067
30, 49, 0.0122861789020961
30, 50, 0.0114129671612857
30, 51, 0.010590202294695
30, 52, 0.00981626739909326
30, 53, 0.00908951077630453
30, 54, 0.00840825215515999
30, 55, 0.00777078884334827
30, 56, 0.00717540178213189
30, 57, 0.00662036147875295
30, 58, 0.00610393379336953
30, 59, 0.00562438555955018
30, 60, 0.00517999001957682
30, 61, 0.00476903205815949
30, 62, 0.00438981322053557
30, 63, 0.00404065650329925
30, 64, 0.00371991090871102
30, 65, 0.00342595575555291
30, 66, 0.00315720474188783
30, 67, 0.002912109757274
30, 68, 0.00268916444406382
30, 69, 0.00248690750940002
30, 70, 0.00230392579132439
30, 71, 0.00213885708410291
30, 72, 0.00199039272936358
30, 73, 0.00185727998097332
30, 74, 0.00173832415273132
30, 75, 0.00163239055890488
30, 76, 0.0015384062584137
30, 77, 0.0014553616140411
30, 78, 0.00138231167844434
30, 79, 0.00131837741894565
30, 80, 0.00126274679311165
30, 81, 0.00121467568698743
30, 82, 0.00117348872754409
30, 83, 0.00113857998043644
30, 84, 0.00110941354356334
30, 85, 0.00108552404618488
30, 86, 0.00106651706249428
30, 87, 0.00105206944757332
30, 88, 0.00104192960260831
30, 89, 0.00103591767509454
30, 90, 0.0010339256985626
30, 91, 0.00103591767509454
30, 92, 0.00104192960260831
30, 93, 0.00105206944757335
30, 94, 0.00106651706249428
30, 95, 0.00108552404618488
30, 96, 0.00110941354356334
30, 97, 0.00113857998043642
30, 98, 0.00117348872754409
30, 99, 0.00121467568698742
30, 100, 0.00126274679311164
30, 101, 0.00131837741894567
30, 102, 0.00138231167844446
30, 103, 0.00145536161404109
30, 104, 0.00153840625841371
30, 105, 0.00163239055890485
30, 106, 0.00173832415273131
30, 107, 0.00185727998097346
30, 108, 0.00199039272936359
30, 109, 0.00213885708410294
30, 110, 0.00230392579132438
30, 111, 0.00248690750940003
30, 112, 0.00268916444406377
30, 113, 0.00291210975727377
30, 114, 0.00315720474188801
30, 115, 0.00342595575555292
30, 116, 0.00371991090871104
30, 117, 0.00404065650329923
30, 118, 0.00438981322053578
30, 119, 0.00476903205815974
30, 120, 0.00517999001957657
30, 121, 0.00562438555955021
30, 122, 0.00610393379336943
30, 123, 0.00662036147875297
30, 124, 0.00717540178213188
30, 125, 0.00777078884334782
30, 126, 0.00840825215516
30, 127, 0.00908951077630459
30, 128, 0.00981626739909329
30, 129, 0.0105902022946949
30, 130, 0.0114129671612856
30, 131, 0.0122861789020961
30, 132, 0.0132114133621068
30, 133, 0.0141901990535944
30, 134, 0.0152240109019941
30, 135, 0.0163142640445479
30, 136, 0.0174623077149147
30, 137, 0.0186694192473947
30, 138, 0.0199367982345461
30, 139, 0.0212655608718353
30, 140, 0.0226567345224927
30, 141, 0.0241112525349749
30, 142, 0.0256299493443862
30, 143, 0.0272135558878047
30, 144, 0.0288626953618497
30, 145, 0.030577879348855
30, 146, 0.0323595043358765
30, 147, 0.0342078486483372
30, 148, 0.0361230698174992
30, 149, 0.038105202398166
30, 150, 0.0401541562500861
30, 151, 0.0422697152934506
30, 152, 0.0444515367457762
30, 153, 0.0466991508442116
30, 154, 0.0490119610541592
30, 155, 0.0513892447618631
30, 156, 0.0538301544454748
30, 157, 0.0563337193160803
30, 158, 0.0588988474171313
30, 159, 0.0615243281680175
30, 160, 0.0642088353347592
30, 161, 0.06695093040841
30, 162, 0.0697490663694678
30, 163, 0.0726015918145716
30, 164, 0.075506755419992
30, 165, 0.0784627107148411
30, 166, 0.0814675211357063
30, 167, 0.0845191653333805
30, 168, 0.0876155427015585
30, 169, 0.0907544790969672
30, 170, 0.0939337327201181
30, 171, 0.0971510001258422
30, 172, 0.100403922333121
30, 173, 0.103690091004087
30, 174, 0.107007054662837
30, 175, 0.110352324925505
30, 176, 0.113723382714145
30, 177, 0.117117684428095
30, 178, 0.120532668047923
30, 179, 0.123965759148378
30, 180, 0.127414376798408
30, 181, 0.130875939327854
30, 182, 0.134347869942063
30, 183, 0.137827602167446
30, 184, 0.141312585112582
30, 185, 0.144800288531276
30, 186, 0.148288207675598
30, 187, 0.151773867928603
30, 188, 0.155254829208051
30, 189, 0.158728690133939
30, 190, 0.162193091954217
30, 191, 0.165645722224413
30, 192, 0.169084318238261
30, 193, 0.172506670207631
30, 194, 0.175910624191296
30, 195, 0.17929408477304
30, 196, 0.182655017490724
30, 197, 0.185991451018698
30, 198, 0.189301479106845
30, 199, 0.192583262280263
30, 200, 0.195835029304178
30, 201, 0.199055078419321
30, 202, 0.202241778353471
30, 203, 0.20539356911531
30, 204, 0.208508962577088
30, 205, 0.211586542852935
30, 206, 0.214624966479905
30, 207, 0.21762296240905
30, 208, 0.220579331814028
30, 209, 0.223492947724811
30, 210, 0.226362754494271
30, 211, 0.229187767105378
30, 212, 0.231967070326915
30, 213, 0.234699817725492
30, 214, 0.237385230541813
30, 215, 0.240022596439018
30, 216, 0.242611268130926
30, 217, 0.245150661897976
30, 218, 0.247640255998624
30, 219, 0.250079588983847
30, 220, 0.252468257922349
30, 221, 0.254805916543999
30, 222, 0.257092273308903
30, 223, 0.259327089409411
30, 224, 0.261510176712261
30, 225, 0.263641395647948
30, 226, 0.265720653054215
30, 227, 0.267747899980474
30, 228, 0.269723129459821
30, 229, 0.27164637425507
30, 230, 0.273517704585179
30, 231, 0.275337225838127
30, 232, 0.277105076276225
30, 233, 0.278821424739614
30, 234, 0.280486468353453
30, 235, 0.282100430244154
30, 236, 0.283663557269809
30, 237, 0.285176117769643
30, 238, 0.28663839933725
30, 239, 0.288050706621979
30, 240, 0.289413359162782
30, 241, 0.290726689258425
30, 242, 0.291991039877895
30, 243, 0.293206762614507
30, 244, 0.294374215687042
30, 245, 0.295493761990945
30, 246, 0.296565767202568
30, 247, 0.297590597938976
30, 248, 0.298568619975895
30, 249, 0.299500196525968
30, 250, 0.30038568657941
30, 251, 0.301225443308946
30, 252, 0.302019812540714
30, 253, 0.302769131292694
30, 254, 0.303473726382017
30, 255, 0.304133913102393
30, 256, 0.304749993972774
30, 257, 0.305322257558194
30, 258, 0.305850977363662
30, 259, 0.306336410801825
30, 260, 0.306778798235093
30, 261, 0.307178362092733
30, 262, 0.307535306063453
30, 263, 0.307849814363852
30, 264, 0.308122051083119
30, 265, 0.308352159604217
30, 266, 0.308540262101835
30, 267, 0.308686459117281
30, 268, 0.308790829210459
30, 269, 0.308853428689093
30, 270, 0.308874291415219
30, 271, 0.308853428689092
30, 272, 0.30879082921046
30, 273, 0.308686459117279
30, 274, 0.308540262101835
30, 275, 0.308352159604215
30, 276, 0.30812205108312
30, 277, 0.307849814363851
30, 278, 0.307535306063452
30, 279, 0.307178362092734
30, 280, 0.306778798235093
30, 281, 0.306336410801825
30, 282, 0.305850977363662
30, 283, 0.305322257558193
30, 284, 0.304749993972773
30, 285, 0.304133913102395
30, 286, 0.303473726382016
30, 287, 0.302769131292694
30, 288, 0.302019812540712
30, 289, 0.301225443308946
30, 290, 0.30038568657941
30, 291, 0.299500196525967
30, 292, 0.298568619975894
30, 293, 0.297590597938974
30, 294, 0.296565767202566
30, 295, 0.295493761990948
30, 296, 0.294374215687041
30, 297, 0.293206762614509
30, 298, 0.291991039877892
30, 299, 0.290726689258424
30, 300, 0.289413359162783
30, 301, 0.288050706621978
30, 302, 0.28663839933725
30, 303, 0.285176117769644
30, 304, 0.283663557269808
30, 305, 0.282100430244156
30, 306, 0.280486468353452
30, 307, 0.278821424739613
30, 308, 0.277105076276224
30, 309, 0.275337225838126
30, 310, 0.27351770458518
30, 311, 0.271646374255069
30, 312, 0.269723129459818
30, 313, 0.267747899980474
30, 314, 0.265720653054214
30, 315, 0.263641395647948
30, 316, 0.261510176712259
30, 317, 0.259327089409411
30, 318, 0.257092273308904
30, 319, 0.254805916543999
30, 320, 0.25246825792235
30, 321, 0.250079588983847
30, 322, 0.247640255998624
30, 323, 0.245150661897976
30, 324, 0.242611268130927
30, 325, 0.240022596439017
30, 326, 0.237385230541811
30, 327, 0.23469981772549
30, 328, 0.231967070326917
30, 329, 0.229187767105379
30, 330, 0.226362754494269
30, 331, 0.223492947724812
30, 332, 0.220579331814028
30, 333, 0.217622962409049
30, 334, 0.214624966479906
30, 335, 0.211586542852935
30, 336, 0.20850896257709
30, 337, 0.20539356911531
30, 338, 0.202241778353471
30, 339, 0.199055078419321
30, 340, 0.195835029304178
30, 341, 0.192583262280263
30, 342, 0.189301479106845
30, 343, 0.185991451018698
30, 344, 0.182655017490725
30, 345, 0.179294084773042
30, 346, 0.175910624191296
30, 347, 0.172506670207633
30, 348, 0.16908431823826
30, 349, 0.165645722224413
30, 350, 0.162193091954216
30, 351, 0.158728690133939
30, 352, 0.155254829208052
30, 353, 0.151773867928603
30, 354, 0.148288207675598
30, 355, 0.144800288531276
30, 356, 0.141312585112582
30, 357, 0.137827602167446
30, 358, 0.134347869942063
30, 359, 0.130875939327854
30, 360, 0.127414376798408
31, 0, 0.126540170458675
31, 1, 0.123011817740189
31, 2, 0.11949991277392
31, 3, 0.116007175880716
31, 4, 0.112536321687416
31, 5, 0.109090052761608
31, 6, 0.105671053111233
31, 7, 0.102281981572824
31, 8, 0.098925465114051
31, 9, 0.0956040920779048
31, 10, 0.0923204053975525
31, 11, 0.0890768958122871
31, 12, 0.0858759951163563
31, 13, 0.0827200694735282
31, 14, 0.0796114128311626
31, 15, 0.0765522404682084
31, 16, 0.0735446827119461
31, 17, 0.0705907788584222
31, 18, 0.0676924713313602
31, 19, 0.0648516001138716
31, 20, 0.0620698974865301
31, 21, 0.0593489831042688
31, 22, 0.0566903594432024
31, 23, 0.0540954076467473
31, 24, 0.0515653837984255
31, 25, 0.0491014156464454
31, 26, 0.0467044998025959
31, 27, 0.0443754994351608
31, 28, 0.0421151424725374
31, 29, 0.0399240203309844
31, 30, 0.0378025871765181
31, 31, 0.0357511597274164
31, 32, 0.0337699176001534
31, 33, 0.0318589041978654
31, 34, 0.0300180281367133
31, 35, 0.0282470652017901
31, 36, 0.026545660820576
31, 37, 0.0249133330383567
31, 38, 0.0233494759766303
31, 39, 0.0218533637522556
31, 40, 0.0204241548320781
31, 41, 0.019060896794968
31, 42, 0.017762531470698
31, 43, 0.0165279004228648
31, 44, 0.0153557507411721
31, 45, 0.0142447411068341
31, 46, 0.0131934480936667
31, 47, 0.0122003726665884
31, 48, 0.0112639468387926
31, 49, 0.0103825404487406
31, 50, 0.00955446801838352
31, 51, 0.00877799565462314
31, 52, 0.00805134795696647
31, 53, 0.0073727148955777
31, 54, 0.00674025862549025
31, 55, 0.00615212020455293
31, 56, 0.00560642618475567
31, 57, 0.0051012950488379
31, 58, 0.00463484346655066
31, 59, 0.00420519234751684
31, 60, 0.00381047267035833
31, 61, 0.00344883107052668
31, 62, 0.00311843517210329
31, 63, 0.00281747865166255
31, 64, 0.00254418602510154
31, 65, 0.00229681715108735
31, 66, 0.00207367144744742
31, 67, 0.00187309181937957
31, 68, 0.00169346830078784
31, 69, 0.00153324141231614
31, 70, 0.00139090524174261
31, 71, 0.00126501025430568
31, 72, 0.00115416584222923
31, 73, 0.00105704262420414
31, 74, 0.000972374506849427
31, 75, 0.000898960521222021
31, 76, 0.00083566644825944
31, 77, 0.000781426247636912
31, 78, 0.000735243304888654
31, 79, 0.000696191511800865
31, 80, 0.000663416195031629
31, 81, 0.000636134907656799
31, 82, 0.000613638097902163
31, 83, 0.000595289668698778
31, 84, 0.000580527440914111
31, 85, 0.000568863532173761
31, 86, 0.000559884662116222
31, 87, 0.000553252393724837
31, 88, 0.000548703319081092
31, 89, 0.000546049196489707
31, 90, 0.000545177044458162
31, 91, 0.00054604919648971
31, 92, 0.000548703319081067
31, 93, 0.000553252393724828
31, 94, 0.000559884662116225
31, 95, 0.000568863532173778
31, 96, 0.000580527440914104
31, 97, 0.000595289668698783
31, 98, 0.000613638097902151
31, 99, 0.000636134907656798
31, 100, 0.000663416195031639
31, 101, 0.000696191511800878
31, 102, 0.000735243304888665
31, 103, 0.000781426247636921
31, 104, 0.000835666448259446
31, 105, 0.000898960521222011
31, 106, 0.000972374506849442
31, 107, 0.00105704262420413
31, 108, 0.00115416584222916
31, 109, 0.00126501025430563
31, 110, 0.00139090524174263
31, 111, 0.00153324141231617
31, 112, 0.00169346830078786
31, 113, 0.00187309181937959
31, 114, 0.00207367144744742
31, 115, 0.00229681715108733
31, 116, 0.00254418602510143
31, 117, 0.00281747865166252
31, 118, 0.00311843517210329
31, 119, 0.00344883107052667
31, 120, 0.00381047267035836
31, 121, 0.00420519234751689
31, 122, 0.00463484346655063
31, 123, 0.00510129504883798
31, 124, 0.00560642618475549
31, 125, 0.00615212020455314
31, 126, 0.00674025862549007
31, 127, 0.00737271489557772
31, 128, 0.00805134795696652
31, 129, 0.00877799565462305
31, 130, 0.00955446801838351
31, 131, 0.0103825404487406
31, 132, 0.0112639468387926
31, 133, 0.0122003726665885
31, 134, 0.0131934480936667
31, 135, 0.0142447411068341
31, 136, 0.0153557507411722
31, 137, 0.016527900422865
31, 138, 0.017762531470698
31, 139, 0.0190608967949682
31, 140, 0.020424154832078
31, 141, 0.0218533637522559
31, 142, 0.0233494759766301
31, 143, 0.0249133330383565
31, 144, 0.0265456608205759
31, 145, 0.0282470652017901
31, 146, 0.0300180281367133
31, 147, 0.0318589041978654
31, 148, 0.0337699176001533
31, 149, 0.0357511597274165
31, 150, 0.0378025871765181
31, 151, 0.0399240203309843
31, 152, 0.0421151424725369
31, 153, 0.0443754994351611
31, 154, 0.0467044998025959
31, 155, 0.0491014156464455
31, 156, 0.0515653837984257
31, 157, 0.0540954076467471
31, 158, 0.0566903594432024
31, 159, 0.0593489831042687
31, 160, 0.06206989748653
31, 161, 0.0648516001138716
31, 162, 0.0676924713313604
31, 163, 0.0705907788584221
31, 164, 0.0735446827119462
31, 165, 0.0765522404682085
31, 166, 0.0796114128311625
31, 167, 0.0827200694735285
31, 168, 0.0858759951163561
31, 169, 0.0890768958122872
31, 170, 0.0923204053975524
31, 171, 0.0956040920779051
31, 172, 0.0989254651140507
31, 173, 0.102281981572825
31, 174, 0.105671053111232
31, 175, 0.109090052761607
31, 176, 0.112536321687416
31, 177, 0.116007175880716
31, 178, 0.11949991277392
31, 179, 0.123011817740189
31, 180, 0.126540170458674
31, 181, 0.130082251122682
31, 182, 0.133635346470787
31, 183, 0.13719675562292
31, 184, 0.140763795705379
31, 185, 0.144333807250698
31, 186, 0.147904159360246
31, 187, 0.151472254619232
31, 188, 0.155035533755696
31, 189, 0.158591480036697
31, 190, 0.162137623396627
31, 191, 0.165671544294085
31, 192, 0.169190877295218
31, 193, 0.172693314382766
31, 194, 0.176176607991308
31, 195, 0.179638573770307
31, 196, 0.183077093077605
31, 197, 0.186490115206942
31, 198, 0.189875659353861
31, 199, 0.193231816325136
31, 200, 0.196556749997445
31, 201, 0.199848698531593
31, 202, 0.203105975349058
31, 203, 0.206326969877988
31, 204, 0.209510148076175
31, 205, 0.212654052738721
31, 206, 0.215757303598425
31, 207, 0.218818597226966
31, 208, 0.221836706745215
31, 209, 0.22481048135099
31, 210, 0.227738845672711
31, 211, 0.230620798957364
31, 212, 0.233455414101291
31, 213, 0.236241836532215
31, 214, 0.238979282950954
31, 215, 0.241667039941195
31, 216, 0.24430446245569
31, 217, 0.246890972187113
31, 218, 0.249426055831815
31, 219, 0.251909263254564
31, 220, 0.254340205562321
31, 221, 0.256718553094972
31, 222, 0.259044033340829
31, 223, 0.261316428784626
31, 224, 0.263535574695572
31, 225, 0.265701356862912
31, 226, 0.267813709286297
31, 227, 0.269872611828101
31, 228, 0.271878087834694
31, 229, 0.273830201733429
31, 230, 0.275729056612036
31, 231, 0.277574791786776
31, 232, 0.27936758036564
31, 233, 0.281107626812584
31, 234, 0.282795164518593
31, 235, 0.284430453385131
31, 236, 0.286013777425329
31, 237, 0.287545442387974
31, 238, 0.289025773409162
31, 239, 0.290455112696191
31, 240, 0.291833817248055
31, 241, 0.293162256616625
31, 242, 0.294440810712346
31, 243, 0.295669867658054
31, 244, 0.296849821694268
31, 245, 0.29798107113902
31, 246, 0.299064016405136
31, 247, 0.300099058077565
31, 248, 0.301086595053192
31, 249, 0.302027022745315
31, 250, 0.302920731354791
31, 251, 0.303768104209639
31, 252, 0.30456951617469
31, 253, 0.305325332132785
31, 254, 0.306035905538694
31, 255, 0.306701577046975
31, 256, 0.307322673214683
31, 257, 0.307899505279811
31, 258, 0.308432368016191
31, 259, 0.30892153866548
31, 260, 0.309367275946766
31, 261, 0.309769819144225
31, 262, 0.310129387273224
31, 263, 0.310446178325158
31, 264, 0.31072036859127
31, 265, 0.310952112065655
31, 266, 0.311141539927618
31, 267, 0.311288760103483
31, 268, 0.31139385690797
31, 269, 0.311456890765197
31, 270, 0.311477898009374
31, 271, 0.311456890765198
31, 272, 0.31139385690797
31, 273, 0.311288760103483
31, 274, 0.311141539927617
31, 275, 0.310952112065655
31, 276, 0.31072036859127
31, 277, 0.310446178325158
31, 278, 0.310129387273222
31, 279, 0.309769819144225
31, 280, 0.309367275946766
31, 281, 0.308921538665482
31, 282, 0.308432368016191
31, 283, 0.307899505279811
31, 284, 0.307322673214684
31, 285, 0.306701577046975
31, 286, 0.306035905538694
31, 287, 0.305325332132785
31, 288, 0.304569516174691
31, 289, 0.303768104209637
31, 290, 0.302920731354793
31, 291, 0.302027022745314
31, 292, 0.301086595053191
31, 293, 0.300099058077565
31, 294, 0.299064016405136
31, 295, 0.29798107113902
31, 296, 0.296849821694269
31, 297, 0.295669867658055
31, 298, 0.294440810712345
31, 299, 0.293162256616625
31, 300, 0.291833817248054
31, 301, 0.290455112696191
31, 302, 0.289025773409163
31, 303, 0.287545442387975
31, 304, 0.286013777425328
31, 305, 0.284430453385132
31, 306, 0.282795164518593
31, 307, 0.281107626812585
31, 308, 0.27936758036564
31, 309, 0.277574791786776
31, 310, 0.275729056612038
31, 311, 0.273830201733429
31, 312, 0.271878087834693
31, 313, 0.269872611828102
31, 314, 0.267813709286297
31, 315, 0.265701356862913
31, 316, 0.263535574695572
31, 317, 0.261316428784625
31, 318, 0.259044033340828
31, 319, 0.256718553094972
31, 320, 0.254340205562322
31, 321, 0.251909263254563
31, 322, 0.249426055831814
31, 323, 0.246890972187114
31, 324, 0.244304462455689
31, 325, 0.241667039941195
31, 326, 0.238979282950953
31, 327, 0.236241836532216
31, 328, 0.23345541410129
31, 329, 0.230620798957364
31, 330, 0.22773884567271
31, 331, 0.224810481350991
31, 332, 0.221836706745215
31, 333, 0.218818597226968
31, 334, 0.215757303598425
31, 335, 0.212654052738722
31, 336, 0.209510148076173
31, 337, 0.206326969877989
31, 338, 0.203105975349058
31, 339, 0.199848698531593
31, 340, 0.196556749997445
31, 341, 0.193231816325136
31, 342, 0.189875659353861
31, 343, 0.186490115206941
31, 344, 0.183077093077604
31, 345, 0.179638573770306
31, 346, 0.176176607991308
31, 347, 0.172693314382766
31, 348, 0.169190877295219
31, 349, 0.165671544294085
31, 350, 0.162137623396628
31, 351, 0.158591480036697
31, 352, 0.155035533755696
31, 353, 0.151472254619232
31, 354, 0.147904159360246
31, 355, 0.144333807250698
31, 356, 0.140763795705379
31, 357, 0.13719675562292
31, 358, 0.133635346470787
31, 359, 0.130082251122683
31, 360, 0.126540170458675
32, 0, 0.125615568426372
32, 1, 0.122011775143602
32, 2, 0.118425377937117
32, 3, 0.114859236215418
32, 4, 0.111316204653807
32, 5, 0.107799126357487
32, 6, 0.10431082586458
32, 7, 0.100854102014689
32, 8, 0.0974317207107496
32, 9, 0.094046407604033
32, 10, 0.0907008407340756
32, 11, 0.0873976431571152
32, 12, 0.0841393755982234
32, 13, 0.0809285291637063
32, 14, 0.0777675181514952
32, 15, 0.0746586729981527
32, 16, 0.0716042334016769
32, 17, 0.0686063416595799
32, 18, 0.0656670362616534
32, 19, 0.0627882457764189
32, 20, 0.0599717830695016
32, 21, 0.057219339891023
32, 22, 0.0545324818676072
32, 23, 0.0519126439327322
32, 24, 0.0493611262269234
32, 25, 0.0468790904967229
32, 26, 0.0444675570184666
32, 27, 0.0421274020697025
32, 28, 0.039859355967611
32, 29, 0.037664001690061
32, 30, 0.0355417740910177
32, 31, 0.0334929597179202
32, 32, 0.0315176972344298
32, 33, 0.029615978447653
32, 34, 0.0277876499346224
32, 35, 0.0260324152584924
32, 36, 0.0243498377606811
32, 37, 0.0227393439110467
32, 38, 0.0212002271942132
32, 39, 0.0197316525064149
32, 40, 0.0183326610336929
32, 41, 0.0170021755790731
32, 42, 0.0157390063034421
32, 43, 0.0145418568422983
32, 44, 0.013409330758401
32, 45, 0.012339938288572
32, 46, 0.0113321033415803
32, 47, 0.0103841707031255
32, 48, 0.00949441340346342
32, 49, 0.00866104020318175
32, 50, 0.00788220315301127
32, 51, 0.00715600518435747
32, 52, 0.00648050768842707
32, 53, 0.00585373804338374
32, 54, 0.00527369705087176
32, 55, 0.0047383662454635
32, 56, 0.00424571504308024
32, 57, 0.00379370769717319
32, 58, 0.00338031003438659
32, 59, 0.00300349594452481
32, 60, 0.00266125360286225
32, 61, 0.00235159140613249
32, 62, 0.00207254360686583
32, 63, 0.00182217563407637
32, 64, 0.00159858909159052
32, 65, 0.00139992642852227
32, 66, 0.0012243752795036
32, 67, 0.00107017247524043
32, 68, 0.000935607726756629
32, 69, 0.000819026989287496
32, 70, 0.000718835514168405
32, 71, 0.000633500599217585
32, 72, 0.000561554050018156
32, 73, 0.000501594366156862
32, 74, 0.000452288667865823
32, 75, 0.0004123743796361
32, 76, 0.000380660688230332
32, 77, 0.000356029793112966
32, 78, 0.000337437967652812
32, 79, 0.000323916449535538
32, 80, 0.000314572178665577
32, 81, 0.000308588400450356
32, 82, 0.000305225151753297
32, 83, 0.000303819645996478
32, 84, 0.000303786572898296
32, 85, 0.000304618327166616
32, 86, 0.000305885179148664
32, 87, 0.000307235398982413
32, 88, 0.000308395344221183
32, 89, 0.000309169519225856
32, 90, 0.000309440612863232
32, 91, 0.000309169519225873
32, 92, 0.00030839534422118
32, 93, 0.000307235398982402
32, 94, 0.000305885179148655
32, 95, 0.000304618327166638
32, 96, 0.00030378657289828
32, 97, 0.000303819645996469
32, 98, 0.000305225151753299
32, 99, 0.000308588400450357
32, 100, 0.000314572178665568
32, 101, 0.000323916449535539
32, 102, 0.00033743796765281
32, 103, 0.000356029793112967
32, 104, 0.000380660688230341
32, 105, 0.000412374379636107
32, 106, 0.000452288667865837
32, 107, 0.000501594366156859
32, 108, 0.000561554050018147
32, 109, 0.000633500599217559
32, 110, 0.000718835514168387
32, 111, 0.000819026989287505
32, 112, 0.000935607726756622
32, 113, 0.00107017247524044
32, 114, 0.00122437527950359
32, 115, 0.00139992642852225
32, 116, 0.00159858909159051
32, 117, 0.00182217563407636
32, 118, 0.00207254360686583
32, 119, 0.0023515914061325
32, 120, 0.00266125360286229
32, 121, 0.00300349594452482
32, 122, 0.00338031003438661
32, 123, 0.00379370769717321
32, 124, 0.00424571504308022
32, 125, 0.00473836624546352
32, 126, 0.00527369705087176
32, 127, 0.00585373804338381
32, 128, 0.00648050768842705
32, 129, 0.00715600518435748
32, 130, 0.00788220315301126
32, 131, 0.00866104020318179
32, 132, 0.00949441340346334
32, 133, 0.0103841707031255
32, 134, 0.0113321033415803
32, 135, 0.012339938288572
32, 136, 0.0134093307584011
32, 137, 0.0145418568422983
32, 138, 0.0157390063034421
32, 139, 0.0170021755790733
32, 140, 0.0183326610336928
32, 141, 0.0197316525064149
32, 142, 0.0212002271942133
32, 143, 0.0227393439110468
32, 144, 0.0243498377606811
32, 145, 0.0260324152584922
32, 146, 0.0277876499346224
32, 147, 0.0296159784476532
32, 148, 0.0315176972344298
32, 149, 0.03349295971792
32, 150, 0.0355417740910177
32, 151, 0.037664001690061
32, 152, 0.0398593559676109
32, 153, 0.0421274020697027
32, 154, 0.0444675570184666
32, 155, 0.0468790904967226
32, 156, 0.0493611262269233
32, 157, 0.0519126439327321
32, 158, 0.054532481867607
32, 159, 0.057219339891023
32, 160, 0.0599717830695016
32, 161, 0.0627882457764189
32, 162, 0.0656670362616533
32, 163, 0.0686063416595798
32, 164, 0.0716042334016769
32, 165, 0.0746586729981526
32, 166, 0.0777675181514951
32, 167, 0.0809285291637065
32, 168, 0.0841393755982235
32, 169, 0.0873976431571149
32, 170, 0.0907008407340755
32, 171, 0.0940464076040336
32, 172, 0.0974317207107501
32, 173, 0.100854102014689
32, 174, 0.10431082586458
32, 175, 0.107799126357486
32, 176, 0.111316204653807
32, 177, 0.114859236215418
32, 178, 0.118425377937117
32, 179, 0.122011775143602
32, 180, 0.125615568426372
32, 181, 0.129233900297183
32, 182, 0.132863921636945
32, 183, 0.136502797921247
32, 184, 0.140147715205936
32, 185, 0.143795885858444
32, 186, 0.147444554022702
32, 187, 0.151091000807609
32, 188, 0.154732549191017
32, 189, 0.158366568633131
32, 190, 0.161990479395023
32, 191, 0.1656017565596
32, 192, 0.169197933754019
32, 193, 0.172776606573857
32, 194, 0.176335435710759
32, 195, 0.179872149786369
32, 196, 0.183384547896474
32, 197, 0.186870501870174
32, 198, 0.1903279582497
32, 199, 0.193754939997269
32, 200, 0.197149547935853
32, 201, 0.200509961931394
32, 202, 0.203834441824253
32, 203, 0.207121328118162
32, 204, 0.210369042435147
32, 205, 0.21357608774511
32, 206, 0.216741048378913
32, 207, 0.219862589833963
32, 208, 0.222939458381288
32, 209, 0.22597048048319
32, 210, 0.228954562030562
32, 211, 0.231890687408933
32, 212, 0.234777918402271
32, 213, 0.237615392943545
32, 214, 0.240402323720974
32, 215, 0.243137996648842
32, 216, 0.24582176921167
32, 217, 0.248453068690428
32, 218, 0.251031390279477
32, 219, 0.253556295102696
32, 220, 0.256027408137269
32, 221, 0.258444416053457
32, 222, 0.26080706497852
32, 223, 0.263115158192924
32, 224, 0.265368553766752
32, 225, 0.267567162144153
32, 226, 0.269710943683466
32, 227, 0.271799906160537
32, 228, 0.273834102242553
32, 229, 0.275813626939513
32, 230, 0.2777386150403
32, 231, 0.279609238540093
32, 232, 0.281425704065576
32, 233, 0.283188250304344
32, 234, 0.284897145444382
32, 235, 0.286552684629608
32, 236, 0.288155187436826
32, 237, 0.289704995379503
32, 238, 0.291202469443284
32, 239, 0.292647987658036
32, 240, 0.294041942710816
32, 241, 0.295384739603989
32, 242, 0.296676793362369
32, 243, 0.297918526793009
32, 244, 0.299110368301027
32, 245, 0.30025274976451
32, 246, 0.301346104471384
32, 247, 0.302390865120806
32, 248, 0.303387461891422
32, 249, 0.304336320578622
32, 250, 0.305237860802667
32, 251, 0.306092494289398
32, 252, 0.306900623224981
32, 253, 0.307662638686055
32, 254, 0.30837891914634
32, 255, 0.309049829060781
32, 256, 0.309675717527971
32, 257, 0.310256917031644
32, 258, 0.310793742261779
32, 259, 0.311286489015807
32, 260, 0.311735433180348
32, 261, 0.312140829793756
32, 262, 0.312502912189741
32, 263, 0.31282189122223
32, 264, 0.313097954571657
32, 265, 0.313331266132715
32, 266, 0.313521965483686
32, 267, 0.313670167437381
32, 268, 0.313775961673698
32, 269, 0.31383941245385
32, 270, 0.313860558416211
32, 271, 0.31383941245385
32, 272, 0.313775961673698
32, 273, 0.313670167437381
32, 274, 0.313521965483685
32, 275, 0.313331266132714
32, 276, 0.313097954571657
32, 277, 0.31282189122223
32, 278, 0.31250291218974
32, 279, 0.312140829793757
32, 280, 0.311735433180348
32, 281, 0.311286489015806
32, 282, 0.310793742261779
32, 283, 0.310256917031645
32, 284, 0.309675717527972
32, 285, 0.30904982906078
32, 286, 0.308378919146341
32, 287, 0.307662638686055
32, 288, 0.306900623224981
32, 289, 0.306092494289397
32, 290, 0.305237860802669
32, 291, 0.304336320578623
32, 292, 0.303387461891423
32, 293, 0.302390865120806
32, 294, 0.301346104471383
32, 295, 0.30025274976451
32, 296, 0.299110368301027
32, 297, 0.29791852679301
32, 298, 0.296676793362368
32, 299, 0.295384739603989
32, 300, 0.294041942710816
32, 301, 0.292647987658036
32, 302, 0.291202469443284
32, 303, 0.289704995379502
32, 304, 0.288155187436827
32, 305, 0.286552684629607
32, 306, 0.284897145444382
32, 307, 0.283188250304342
32, 308, 0.281425704065578
32, 309, 0.279609238540092
32, 310, 0.277738615040302
32, 311, 0.275813626939513
32, 312, 0.273834102242553
32, 313, 0.271799906160539
32, 314, 0.269710943683466
32, 315, 0.267567162144153
32, 316, 0.265368553766752
32, 317, 0.263115158192923
32, 318, 0.26080706497852
32, 319, 0.258444416053458
32, 320, 0.25602740813727
32, 321, 0.253556295102695
32, 322, 0.251031390279477
32, 323, 0.248453068690429
32, 324, 0.24582176921167
32, 325, 0.243137996648844
32, 326, 0.240402323720973
32, 327, 0.237615392943544
32, 328, 0.234777918402272
32, 329, 0.231890687408934
32, 330, 0.228954562030563
32, 331, 0.22597048048319
32, 332, 0.222939458381288
32, 333, 0.219862589833964
32, 334, 0.216741048378913
32, 335, 0.21357608774511
32, 336, 0.210369042435148
32, 337, 0.207121328118162
32, 338, 0.203834441824254
32, 339, 0.200509961931394
32, 340, 0.197149547935853
32, 341, 0.193754939997269
32, 342, 0.190327958249701
32, 343, 0.186870501870173
32, 344, 0.183384547896475
32, 345, 0.179872149786369
32, 346, 0.176335435710758
32, 347, 0.172776606573858
32, 348, 0.16919793375402
32, 349, 0.165601756559601
32, 350, 0.161990479395023
32, 351, 0.158366568633132
32, 352, 0.154732549191017
32, 353, 0.15109100080761
32, 354, 0.147444554022702
32, 355, 0.143795885858444
32, 356, 0.140147715205936
32, 357, 0.136502797921247
32, 358, 0.132863921636945
32, 359, 0.129233900297183
32, 360, 0.125615568426372
33, 0, 0.124638761792616
33, 1, 0.120964034431862
33, 2, 0.117307680184947
33, 3, 0.113672696538532
33, 4, 0.110062077354454
33, 5, 0.106478805557865
33, 6, 0.102925845637587
33, 7, 0.0994061359860087
33, 8, 0.0959225811083917
33, 9, 0.0924780437339334
33, 10, 0.0890753368632275
33, 11, 0.0857172157889455
33, 12, 0.082406370128514
33, 13, 0.0791454159092991
33, 14, 0.0759368877482476
33, 15, 0.0727832311691137
33, 16, 0.0696867951011928
33, 17, 0.0666498246039751
33, 18, 0.0636744538621713
33, 19, 0.0607626994952753
33, 20, 0.0579164542250414
33, 21, 0.0551374809431145
33, 22, 0.052427407219418
33, 23, 0.0497877202898764
33, 24, 0.0472197625595914
33, 25, 0.0447247276547108
33, 26, 0.0423036570529749
33, 27, 0.0399574373193053
33, 28, 0.0376867979688373
33, 29, 0.0354923099755734
33, 30, 0.0333743849403036
33, 31, 0.0313332749267765
33, 32, 0.0293690729702199
33, 33, 0.0274817142573769
33, 34, 0.025670977972215
33, 35, 0.0239364897965024
33, 36, 0.0222777250495123
33, 37, 0.0206940124463671
33, 38, 0.0191845384499244
33, 39, 0.0177483521867723
33, 40, 0.0163843708938363
33, 41, 0.0150913858584007
33, 42, 0.013868068810995
33, 43, 0.0127129787277105
33, 44, 0.0116245689960335
33, 45, 0.0106011948963082
33, 46, 0.00964112134946525
33, 47, 0.00874253088065178
33, 48, 0.00790353174796027
33, 49, 0.00712216618546682
33, 50, 0.00639641871035495
33, 51, 0.00572422444490977
33, 52, 0.00510347740565576
33, 53, 0.00453203871383512
33, 54, 0.00400774468373076
33, 55, 0.0035284147480182
33, 56, 0.00309185918233293
33, 57, 0.00269588659449654
33, 58, 0.00233831114735552
33, 59, 0.00201695948785064
33, 60, 0.00172967735874344
33, 61, 0.00147433587330538
33, 62, 0.00124883743718781
33, 63, 0.00105112130558524
33, 64, 0.000879168767637282
33, 65, 0.000731007953743161
33, 66, 0.000604718265046139
33, 67, 0.000498434427753081
33, 68, 0.000410350178147213
33, 69, 0.000338721587110957
33, 70, 0.000281870035670103
33, 71, 0.000238184855487273
33, 72, 0.000206125650353528
33, 73, 0.000184224316544117
33, 74, 0.000171086781409804
33, 75, 0.000165394480769298
33, 76, 0.000165905596548871
33, 77, 0.000171456076691312
33, 78, 0.000180960459631283
33, 79, 0.000193412525621588
33, 80, 0.000207885796905695
33, 81, 0.000223533908180951
33, 82, 0.000239590868001305
33, 83, 0.000255371230743539
33, 84, 0.000270270197527812
33, 85, 0.000283763663058862
33, 86, 0.000295408223759882
33, 87, 0.000304841160824934
33, 88, 0.000311780409940233
33, 89, 0.000316024527437852
33, 90, 0.000317452660568979
33, 91, 0.000316024527437853
33, 92, 0.000311780409940211
33, 93, 0.000304841160824926
33, 94, 0.000295408223759869
33, 95, 0.000283763663058855
33, 96, 0.000270270197527826
33, 97, 0.000255371230743559
33, 98, 0.000239590868001319
33, 99, 0.000223533908180938
33, 100, 0.000207885796905697
33, 101, 0.00019341252562159
33, 102, 0.000180960459631279
33, 103, 0.000171456076691304
33, 104, 0.000165905596548876
33, 105, 0.000165394480769315
33, 106, 0.000171086781409807
33, 107, 0.000184224316544115
33, 108, 0.000206125650353525
33, 109, 0.000238184855487261
33, 110, 0.000281870035670107
33, 111, 0.000338721587110962
33, 112, 0.000410350178147209
33, 113, 0.000498434427753041
33, 114, 0.000604718265046141
33, 115, 0.000731007953743166
33, 116, 0.000879168767637287
33, 117, 0.00105112130558523
33, 118, 0.00124883743718782
33, 119, 0.00147433587330533
33, 120, 0.00172967735874342
33, 121, 0.00201695948785064
33, 122, 0.00233831114735553
33, 123, 0.00269588659449657
33, 124, 0.00309185918233292
33, 125, 0.0035284147480183
33, 126, 0.00400774468373077
33, 127, 0.00453203871383512
33, 128, 0.00510347740565579
33, 129, 0.00572422444490973
33, 130, 0.00639641871035499
33, 131, 0.00712216618546679
33, 132, 0.00790353174796023
33, 133, 0.00874253088065199
33, 134, 0.00964112134946525
33, 135, 0.0106011948963083
33, 136, 0.0116245689960335
33, 137, 0.0127129787277108
33, 138, 0.0138680688109951
33, 139, 0.0150913858584008
33, 140, 0.0163843708938366
33, 141, 0.0177483521867722
33, 142, 0.0191845384499246
33, 143, 0.0206940124463669
33, 144, 0.0222777250495119
33, 145, 0.0239364897965024
33, 146, 0.0256709779722151
33, 147, 0.0274817142573769
33, 148, 0.0293690729702199
33, 149, 0.0313332749267763
33, 150, 0.0333743849403036
33, 151, 0.0354923099755735
33, 152, 0.0376867979688369
33, 153, 0.0399574373193053
33, 154, 0.0423036570529752
33, 155, 0.0447247276547111
33, 156, 0.0472197625595914
33, 157, 0.0497877202898762
33, 158, 0.0524274072194178
33, 159, 0.0551374809431145
33, 160, 0.0579164542250414
33, 161, 0.0607626994952752
33, 162, 0.0636744538621715
33, 163, 0.0666498246039752
33, 164, 0.0696867951011923
33, 165, 0.0727832311691134
33, 166, 0.0759368877482478
33, 167, 0.079145415909299
33, 168, 0.082406370128514
33, 169, 0.0857172157889455
33, 170, 0.0890753368632276
33, 171, 0.0924780437339333
33, 172, 0.0959225811083916
33, 173, 0.0994061359860082
33, 174, 0.102925845637587
33, 175, 0.106478805557865
33, 176, 0.110062077354454
33, 177, 0.113672696538532
33, 178, 0.117307680184946
33, 179, 0.120964034431862
33, 180, 0.124638761792616
33, 181, 0.128328868255052
33, 182, 0.132031370146227
33, 183, 0.135743300743016
33, 184, 0.139461716611722
33, 185, 0.143183703662343
33, 186, 0.146906382905567
33, 187, 0.150626915902955
33, 188, 0.154342509902974
33, 189, 0.158050422657659
33, 190, 0.161747966916633
33, 191, 0.165432514597021
33, 192, 0.169101500629493
33, 193, 0.172752426482106
33, 194, 0.176382863365031
33, 195, 0.179990455120422
33, 196, 0.183572920802727
33, 197, 0.187128056955699
33, 198, 0.190653739593071
33, 199, 0.194147925890622
33, 200, 0.197608655597798
33, 201, 0.201034052177595
33, 202, 0.204422323683665
33, 203, 0.207771763383978
33, 204, 0.211080750140469
33, 205, 0.214347748554317
33, 206, 0.217571308886544
33, 207, 0.220750066763649
33, 208, 0.223882742678076
33, 209, 0.22696814129317
33, 210, 0.230005150562354
33, 211, 0.232992740672117
33, 212, 0.235929962818364
33, 213, 0.238815947825604
33, 214, 0.241649904618329
33, 215, 0.244431118553921
33, 216, 0.247158949626224
33, 217, 0.249832830548929
33, 218, 0.252452264727764
33, 219, 0.255016824130373
33, 220, 0.257526147062719
33, 221, 0.259979935860677
33, 222, 0.26237795450538
33, 223, 0.264720026170824
33, 224, 0.267006030711984
33, 225, 0.269235902101663
33, 226, 0.271409625824079
33, 227, 0.273527236233051
33, 228, 0.275588813882446
33, 229, 0.27759448283638
33, 230, 0.27954440796644
33, 231, 0.28143879224296
33, 232, 0.283277874027179
33, 233, 0.285061924370832
33, 234, 0.286791244329472
33, 235, 0.288466162295542
33, 236, 0.290087031356968
33, 237, 0.291654226686667
33, 238, 0.293168142968197
33, 239, 0.29462919186234
33, 240, 0.296037799519198
33, 241, 0.297394404140049
33, 242, 0.29869945359289
33, 243, 0.299953403085311
33, 244, 0.301156712898058
33, 245, 0.30230984618233
33, 246, 0.303413266823586
33, 247, 0.304467437374391
33, 248, 0.305472817058502
33, 249, 0.306429859848268
33, 250, 0.307339012617022
33, 251, 0.308200713368089
33, 252, 0.3090153895417
33, 253, 0.309783456400997
33, 254, 0.310505315498071
33, 255, 0.311181353220884
33, 256, 0.311811939421712
33, 257, 0.312397426127678
33, 258, 0.312938146333787
33, 259, 0.313434412878792
33, 260, 0.313886517404125
33, 261, 0.314294729396083
33, 262, 0.314659295311333
33, 263, 0.31498043778584
33, 264, 0.315258354927191
33, 265, 0.315493219690336
33, 266, 0.315685179336694
33, 267, 0.315834354976595
33, 268, 0.315940841194994
33, 269, 0.316004705760425
33, 270, 0.316025989417146
33, 271, 0.316004705760426
33, 272, 0.315940841194993
33, 273, 0.315834354976595
33, 274, 0.315685179336694
33, 275, 0.315493219690335
33, 276, 0.315258354927192
33, 277, 0.31498043778584
33, 278, 0.314659295311333
33, 279, 0.314294729396084
33, 280, 0.313886517404126
33, 281, 0.313434412878792
33, 282, 0.312938146333788
33, 283, 0.312397426127678
33, 284, 0.31181193942171
33, 285, 0.311181353220885
33, 286, 0.310505315498072
33, 287, 0.309783456400997
33, 288, 0.3090153895417
33, 289, 0.308200713368089
33, 290, 0.307339012617021
33, 291, 0.306429859848268
33, 292, 0.305472817058502
33, 293, 0.304467437374389
33, 294, 0.303413266823587
33, 295, 0.30230984618233
33, 296, 0.301156712898059
33, 297, 0.29995340308531
33, 298, 0.298699453592889
33, 299, 0.29739440414005
33, 300, 0.296037799519199
33, 301, 0.294629191862339
33, 302, 0.293168142968199
33, 303, 0.291654226686668
33, 304, 0.290087031356968
33, 305, 0.288466162295542
33, 306, 0.286791244329472
33, 307, 0.285061924370831
33, 308, 0.283277874027179
33, 309, 0.28143879224296
33, 310, 0.279544407966441
33, 311, 0.27759448283638
33, 312, 0.275588813882445
33, 313, 0.273527236233053
33, 314, 0.27140962582408
33, 315, 0.269235902101664
33, 316, 0.267006030711984
33, 317, 0.264720026170823
33, 318, 0.26237795450538
33, 319, 0.259979935860676
33, 320, 0.257526147062721
33, 321, 0.255016824130373
33, 322, 0.252452264727764
33, 323, 0.249832830548929
33, 324, 0.247158949626224
33, 325, 0.244431118553921
33, 326, 0.241649904618329
33, 327, 0.238815947825603
33, 328, 0.235929962818365
33, 329, 0.232992740672116
33, 330, 0.230005150562353
33, 331, 0.226968141293169
33, 332, 0.223882742678076
33, 333, 0.220750066763648
33, 334, 0.217571308886543
33, 335, 0.214347748554317
33, 336, 0.211080750140469
33, 337, 0.207771763383978
33, 338, 0.204422323683665
33, 339, 0.201034052177594
33, 340, 0.197608655597798
33, 341, 0.194147925890621
33, 342, 0.190653739593071
33, 343, 0.1871280569557
33, 344, 0.183572920802728
33, 345, 0.179990455120421
33, 346, 0.176382863365031
33, 347, 0.172752426482106
33, 348, 0.169101500629493
33, 349, 0.165432514597022
33, 350, 0.161747966916633
33, 351, 0.15805042265766
33, 352, 0.154342509902974
33, 353, 0.150626915902955
33, 354, 0.146906382905567
33, 355, 0.143183703662343
33, 356, 0.139461716611722
33, 357, 0.135743300743016
33, 358, 0.132031370146227
33, 359, 0.128328868255052
33, 360, 0.124638761792616
34, 0, 0.123608015704921
34, 1, 0.119867067022455
34, 2, 0.116145498981758
34, 3, 0.112446445413505
34, 4, 0.10877303777532
34, 5, 0.105128397365059
34, 6, 0.101515627315701
34, 7, 0.0979378044007984
34, 8, 0.0943979706823957
34, 9, 0.0908991250362333
34, 10, 0.0874442145918035
34, 11, 0.0840361261274049
34, 12, 0.0806776774627196
34, 13, 0.0773716088935447
34, 14, 0.0741205747151554
34, 15, 0.0709271348822125
34, 16, 0.0677937468542719
34, 17, 0.0647227576766147
34, 18, 0.0617163963463939
34, 19, 0.058776766513862
34, 20, 0.0559058395677568
34, 21, 0.0531054481527228
34, 22, 0.0503772801649417
34, 23, 0.0477228732699399
34, 24, 0.0451436099838385
34, 25, 0.0426407133561201
34, 26, 0.0402152432883267
34, 27, 0.0378680935190432
34, 28, 0.0355999893010223
34, 29, 0.0334114857914963
34, 30, 0.0313029671715751
34, 31, 0.0292746465052672
34, 32, 0.027326566343089
34, 33, 0.0254586000695352
34, 34, 0.0236704539879543
34, 35, 0.0219616701306186
34, 36, 0.0203316297761444
34, 37, 0.0187795576508974
34, 38, 0.0173045267857463
34, 39, 0.0159054639945122
34, 40, 0.0145811559357939
34, 41, 0.0133302557156024
34, 42, 0.0121512899844029
34, 43, 0.0110426664788472
34, 44, 0.0100026819557054
34, 45, 0.00902953046324708
34, 46, 0.00812131189371023
34, 47, 0.00727604075941607
34, 48, 0.00649165513466006
34, 49, 0.00576602570564109
34, 50, 0.00509696487143013
34, 51, 0.00448223584027029
34, 52, 0.0039195616673311
34, 53, 0.00340663418237011
34, 54, 0.00294112275855729
34, 55, 0.00252068287690969
34, 56, 0.00214296444437315
34, 57, 0.00180561982745716
34, 58, 0.00150631156747013
34, 59, 0.00124271974773096
34, 60, 0.00101254898759643
34, 61, 0.000813535042688667
34, 62, 0.00064345099526571
34, 63, 0.000500113023205671
34, 64, 0.000381385740509268
34, 65, 0.000285187106524982
34, 66, 0.000209492905215028
34, 67, 0.000152340799672384
34, 68, 0.000111833970729243
34, 69, 8.61443518392531e-05
34, 70, 7.35154754413526e-05
34, 71, 7.22649487028746e-05
34, 72, 8.07865788792544e-05
34, 73, 9.75521705074377e-05
34, 74, 0.000121113018264377
34, 75, 0.000150101120571215
34, 76, 0.00018323013991215
34, 77, 0.000219296136369711
34, 78, 0.000257178101070314
34, 79, 0.000295838316095294
34, 80, 0.000334322566961422
34, 81, 0.000371760233030539
34, 82, 0.000407364280186369
34, 83, 0.000440431178844533
34, 84, 0.000470340768854879
34, 85, 0.000496556091142325
34, 86, 0.000518623204028846
34, 87, 0.000536171000116798
34, 88, 0.000548911037405054
34, 89, 0.000556637395984553
34, 90, 0.000559226569240111
34, 91, 0.000556637395984563
34, 92, 0.00054891103740505
34, 93, 0.000536171000116859
34, 94, 0.000518623204028847
34, 95, 0.000496556091142306
34, 96, 0.000470340768854887
34, 97, 0.000440431178844525
34, 98, 0.000407364280186332
34, 99, 0.000371760233030528
34, 100, 0.000334322566961422
34, 101, 0.000295838316095297
34, 102, 0.000257178101070333
34, 103, 0.000219296136369725
34, 104, 0.000183230139912149
34, 105, 0.000150101120571222
34, 106, 0.000121113018264367
34, 107, 9.75521705074342e-05
34, 108, 8.07865788792507e-05
34, 109, 7.22649487028733e-05
34, 110, 7.35154754413596e-05
34, 111, 8.6144351839257e-05
34, 112, 0.000111833970729246
34, 113, 0.000152340799672394
34, 114, 0.000209492905215017
34, 115, 0.000285187106524991
34, 116, 0.000381385740509266
34, 117, 0.000500113023205663
34, 118, 0.000643450995265693
34, 119, 0.000813535042688664
34, 120, 0.00101254898759644
34, 121, 0.00124271974773096
34, 122, 0.00150631156747016
34, 123, 0.00180561982745719
34, 124, 0.00214296444437313
34, 125, 0.0025206828769097
34, 126, 0.0029411227585573
34, 127, 0.00340663418237014
34, 128, 0.00391956166733114
34, 129, 0.00448223584027045
34, 130, 0.00509696487143009
34, 131, 0.00576602570564089
34, 132, 0.00649165513466008
34, 133, 0.00727604075941611
34, 134, 0.00812131189371005
34, 135, 0.00902953046324711
34, 136, 0.0100026819557052
34, 137, 0.0110426664788472
34, 138, 0.0121512899844027
34, 139, 0.0133302557156027
34, 140, 0.014581155935794
34, 141, 0.015905463994512
34, 142, 0.0173045267857466
34, 143, 0.0187795576508975
34, 144, 0.0203316297761444
34, 145, 0.0219616701306187
34, 146, 0.0236704539879545
34, 147, 0.0254586000695352
34, 148, 0.027326566343089
34, 149, 0.0292746465052672
34, 150, 0.031302967171575
34, 151, 0.0334114857914962
34, 152, 0.0355999893010222
34, 153, 0.0378680935190431
34, 154, 0.0402152432883267
34, 155, 0.04264071335612
34, 156, 0.0451436099838384
34, 157, 0.0477228732699393
34, 158, 0.0503772801649415
34, 159, 0.0531054481527228
34, 160, 0.0559058395677561
34, 161, 0.0587767665138616
34, 162, 0.0617163963463941
34, 163, 0.0647227576766144
34, 164, 0.0677937468542719
34, 165, 0.0709271348822128
34, 166, 0.0741205747151554
34, 167, 0.077371608893544
34, 168, 0.0806776774627199
34, 169, 0.0840361261274057
34, 170, 0.0874442145918037
34, 171, 0.0908991250362331
34, 172, 0.0943979706823949
34, 173, 0.0979378044007986
34, 174, 0.101515627315701
34, 175, 0.105128397365058
34, 176, 0.10877303777532
34, 177, 0.112446445413505
34, 178, 0.116145498981757
34, 179, 0.119867067022455
34, 180, 0.123608015704921
34, 181, 0.12736521636779
34, 182, 0.131135552794124
34, 183, 0.134915928199353
34, 184, 0.138703271915064
34, 185, 0.142494545754488
34, 186, 0.146286750048304
34, 187, 0.15007692934196
34, 188, 0.153862177748145
34, 189, 0.157639643950378
34, 190, 0.161406535855734
34, 191, 0.165160124896692
34, 192, 0.168897749983834
34, 193, 0.172616821112638
34, 194, 0.176314822629053
34, 195, 0.179989316159685
34, 196, 0.183637943213495
34, 197, 0.187258427462764
34, 198, 0.190848576711796
34, 199, 0.194406284562485
34, 200, 0.19792953178621
34, 201, 0.201416387412039
34, 202, 0.204865009541345
34, 203, 0.208273645899194
34, 204, 0.211640634132934
34, 205, 0.214964401868495
34, 206, 0.218243466534859
34, 207, 0.221476434967152
34, 208, 0.224662002798774
34, 209, 0.227798953652792
34, 210, 0.230886158142871
34, 211, 0.233922572693755
34, 212, 0.23690723819132
34, 213, 0.239839278472029
34, 214, 0.242717898661562
34, 215, 0.245542383372242
34, 216, 0.248312094768821
34, 217, 0.251026470512039
34, 218, 0.253685021589316
34, 219, 0.256287330041818
34, 220, 0.258833046597018
34, 221, 0.261321888215831
34, 222, 0.263753635563222
34, 223, 0.266128130411109
34, 224, 0.268445272982267
34, 225, 0.270705019243754
34, 226, 0.272907378158263
34, 227, 0.275052408901641
34, 228, 0.27714021805459
34, 229, 0.279170956776384
34, 230, 0.281144817968257
34, 231, 0.283062033433778
34, 232, 0.28492287104337
34, 233, 0.286727631909837
34, 234, 0.2884766475814
34, 235, 0.290170277258576
34, 236, 0.291808905040784
34, 237, 0.293392937208373
34, 238, 0.294922799545294
34, 239, 0.296398934707476
34, 240, 0.297821799641432
34, 241, 0.299191863057487
34, 242, 0.300509602961517
34, 243, 0.301775504248849
34, 244, 0.302990056363663
34, 245, 0.304153751026824
34, 246, 0.305267080034872
34, 247, 0.306330533132559
34, 248, 0.307344595961038
34, 249, 0.308309748083558
34, 250, 0.309226461090272
34, 251, 0.310095196783521
34, 252, 0.310916405444763
34, 253, 0.311690524184094
34, 254, 0.312417975373138
34, 255, 0.313099165161955
34, 256, 0.313734482080394
34, 257, 0.314324295724292
34, 258, 0.314868955526694
34, 259, 0.315368789614324
34, 260, 0.315824103749263
34, 261, 0.316235180355935
34, 262, 0.316602277633291
34, 263, 0.316925628752104
34, 264, 0.317205441137296
34, 265, 0.317441895835116
34, 266, 0.317635146965064
34, 267, 0.31778532125641
34, 268, 0.31789251766918
34, 269, 0.317956807099499
34, 270, 0.317978232169173
34, 271, 0.317956807099498
34, 272, 0.317892517669181
34, 273, 0.31778532125641
34, 274, 0.317635146965064
34, 275, 0.317441895835117
34, 276, 0.317205441137297
34, 277, 0.316925628752104
34, 278, 0.31660227763329
34, 279, 0.316235180355937
34, 280, 0.315824103749262
34, 281, 0.315368789614323
34, 282, 0.314868955526695
34, 283, 0.314324295724292
34, 284, 0.313734482080395
34, 285, 0.313099165161954
34, 286, 0.312417975373137
34, 287, 0.311690524184094
34, 288, 0.310916405444764
34, 289, 0.310095196783519
34, 290, 0.309226461090272
34, 291, 0.308309748083558
34, 292, 0.307344595961039
34, 293, 0.30633053313256
34, 294, 0.305267080034873
34, 295, 0.304153751026825
34, 296, 0.302990056363664
34, 297, 0.301775504248851
34, 298, 0.300509602961517
34, 299, 0.299191863057489
34, 300, 0.297821799641432
34, 301, 0.296398934707475
34, 302, 0.294922799545293
34, 303, 0.293392937208371
34, 304, 0.291808905040785
34, 305, 0.290170277258577
34, 306, 0.288476647581403
34, 307, 0.286727631909837
34, 308, 0.284922871043371
34, 309, 0.283062033433777
34, 310, 0.281144817968259
34, 311, 0.279170956776385
34, 312, 0.27714021805459
34, 313, 0.275052408901643
34, 314, 0.272907378158262
34, 315, 0.270705019243754
34, 316, 0.268445272982268
34, 317, 0.266128130411109
34, 318, 0.263753635563221
34, 319, 0.261321888215832
34, 320, 0.258833046597018
34, 321, 0.256287330041818
34, 322, 0.253685021589317
34, 323, 0.251026470512038
34, 324, 0.24831209476882
34, 325, 0.245542383372243
34, 326, 0.24271789866156
34, 327, 0.23983927847203
34, 328, 0.236907238191319
34, 329, 0.233922572693756
34, 330, 0.230886158142871
34, 331, 0.227798953652792
34, 332, 0.224662002798773
34, 333, 0.221476434967153
34, 334, 0.218243466534858
34, 335, 0.214964401868496
34, 336, 0.211640634132932
34, 337, 0.208273645899194
34, 338, 0.204865009541346
34, 339, 0.201416387412039
34, 340, 0.19792953178621
34, 341, 0.194406284562483
34, 342, 0.190848576711796
34, 343, 0.187258427462763
34, 344, 0.183637943213496
34, 345, 0.179989316159685
34, 346, 0.176314822629053
34, 347, 0.172616821112638
34, 348, 0.168897749983834
34, 349, 0.165160124896691
34, 350, 0.161406535855733
34, 351, 0.157639643950379
34, 352, 0.153862177748145
34, 353, 0.15007692934196
34, 354, 0.146286750048304
34, 355, 0.142494545754488
34, 356, 0.138703271915064
34, 357, 0.134915928199353
34, 358, 0.131135552794122
34, 359, 0.12736521636779
34, 360, 0.123608015704922
35, 0, 0.122521695161846
35, 1, 0.118719436670069
35, 2, 0.114937598771459
35, 3, 0.111179449172008
35, 4, 0.107448254592753
35, 5, 0.103747272511903
35, 6, 0.100079742655017
35, 7, 0.0964488782636613
35, 8, 0.0928578571764035
35, 9, 0.089309812759398
35, 10, 0.0858078247270233
35, 11, 0.0823549098961362
35, 12, 0.0789540129203249
35, 13, 0.0756079970531395
35, 14, 0.0723196349914863
35, 15, 0.0690915998522637
35, 16, 0.0659264563367357
35, 17, 0.0628266521381539
35, 18, 0.0597945096485572
35, 19, 0.056832218020683
35, 20, 0.0539418256402625
35, 21, 0.0511252330627988
35, 22, 0.0483841864671487
35, 23, 0.0457202716758306
35, 24, 0.0431349087890722
35, 25, 0.0406293474760339
35, 26, 0.0382046629626177
35, 27, 0.0358617527506743
35, 28, 0.0336013340983727
35, 29, 0.0314239422860329
35, 30, 0.0293299296858994
35, 31, 0.0273194656481825
35, 32, 0.025392537209372
35, 33, 0.0235489506222979
35, 34, 0.0217883337008252
35, 35, 0.0201101389655173
35, 36, 0.0185136475700872
35, 37, 0.0169979739821534
35, 38, 0.0155620713857347
35, 39, 0.0142047377671829
35, 40, 0.0129246226408949
35, 41, 0.0117202343662753
35, 42, 0.0105899480030546
35, 43, 0.00953201364829252
35, 44, 0.00854456519524558
35, 45, 0.00762562945176642
35, 46, 0.00677313555409343
35, 47, 0.00598492461076503
35, 48, 0.00525875951097417
35, 49, 0.00459233483194737
35, 50, 0.00398328678089902
35, 51, 0.00342920310871696
35, 52, 0.00292763293476698
35, 53, 0.00247609642502098
35, 54, 0.00207209426905566
35, 55, 0.00171311690527968
35, 56, 0.00139665344798781
35, 57, 0.00112020027441024
35, 58, 0.000881269234792603
35, 59, 0.000677395453609096
35, 60, 0.000506144695224187
35, 61, 0.000365120272604135
35, 62, 0.000251969482964718
35, 63, 0.000164389559470519
35, 64, 0.000100133133204737
35, 65, 5.70132045546147e-05
35, 66, 3.29076278517647e-05
35, 67, 2.57631175244821e-05
35, 68, 3.35987881195798e-05
35, 69, 5.45092443009688e-05
35, 70, 8.66672403032659e-05
35, 71, 0.000128325931290851
35, 72, 0.00017782074163077
35, 73, 0.000233570877222902
35, 74, 0.00029408051074077
35, 75, 0.000357939669922178
35, 76, 0.000423824859918971
35, 77, 0.000490499451180451
35, 78, 0.000556813864419146
35, 79, 0.000621705583912656
35, 80, 0.000684199029745348
35, 81, 0.000743405318621059
35, 82, 0.000798521941595857
35, 83, 0.000848832385521979
35, 84, 0.000893705723184807
35, 85, 0.000932596195073564
35, 86, 0.000965042803489964
35, 87, 0.000990668937283593
35, 88, 0.00100918204293779
35, 89, 0.00102037335504024
35, 90, 0.00102411769637964
35, 91, 0.00102037335504024
35, 92, 0.00100918204293779
35, 93, 0.000990668937283621
35, 94, 0.000965042803489978
35, 95, 0.000932596195073559
35, 96, 0.000893705723184792
35, 97, 0.000848832385521965
35, 98, 0.000798521941595839
35, 99, 0.000743405318621089
35, 100, 0.00068419902974532
35, 101, 0.000621705583912649
35, 102, 0.000556813864419157
35, 103, 0.000490499451180451
35, 104, 0.000423824859918984
35, 105, 0.000357939669922187
35, 106, 0.000294080510740769
35, 107, 0.000233570877222895
35, 108, 0.000177820741630772
35, 109, 0.000128325931290854
35, 110, 8.666724030325e-05
35, 111, 5.4509244300975e-05
35, 112, 3.35987881195796e-05
35, 113, 2.57631175244812e-05
35, 114, 3.29076278517712e-05
35, 115, 5.70132045546102e-05
35, 116, 0.000100133133204739
35, 117, 0.000164389559470522
35, 118, 0.000251969482964734
35, 119, 0.000365120272604123
35, 120, 0.000506144695224155
35, 121, 0.000677395453609081
35, 122, 0.000881269234792618
35, 123, 0.00112020027441025
35, 124, 0.00139665344798783
35, 125, 0.00171311690527972
35, 126, 0.00207209426905566
35, 127, 0.00247609642502089
35, 128, 0.00292763293476694
35, 129, 0.00342920310871697
35, 130, 0.00398328678089899
35, 131, 0.00459233483194728
35, 132, 0.00525875951097431
35, 133, 0.00598492461076506
35, 134, 0.00677313555409346
35, 135, 0.00762562945176645
35, 136, 0.0085445651952456
35, 137, 0.00953201364829261
35, 138, 0.0105899480030545
35, 139, 0.0117202343662753
35, 140, 0.0129246226408948
35, 141, 0.0142047377671828
35, 142, 0.0155620713857346
35, 143, 0.0169979739821532
35, 144, 0.0185136475700872
35, 145, 0.020110138965517
35, 146, 0.0217883337008251
35, 147, 0.0235489506222984
35, 148, 0.0253925372093721
35, 149, 0.0273194656481825
35, 150, 0.0293299296858995
35, 151, 0.0314239422860333
35, 152, 0.0336013340983722
35, 153, 0.0358617527506744
35, 154, 0.0382046629626177
35, 155, 0.0406293474760338
35, 156, 0.0431349087890721
35, 157, 0.0457202716758301
35, 158, 0.0483841864671486
35, 159, 0.0511252330627991
35, 160, 0.053941825640262
35, 161, 0.056832218020683
35, 162, 0.0597945096485579
35, 163, 0.0628266521381537
35, 164, 0.0659264563367362
35, 165, 0.0690915998522635
35, 166, 0.0723196349914865
35, 167, 0.0756079970531396
35, 168, 0.0789540129203247
35, 169, 0.082354909896136
35, 170, 0.085807824727023
35, 171, 0.0893098127593976
35, 172, 0.0928578571764028
35, 173, 0.0964488782636613
35, 174, 0.100079742655017
35, 175, 0.103747272511903
35, 176, 0.107448254592753
35, 177, 0.111179449172008
35, 178, 0.114937598771459
35, 179, 0.118719436670069
35, 180, 0.122521695161847
35, 181, 0.12634111353481
35, 182, 0.130174445747548
35, 183, 0.134018467783268
35, 184, 0.137869984664534
35, 185, 0.1417258371151
35, 186, 0.145582907858225
35, 187, 0.149438127543776
35, 188, 0.15328848029905
35, 189, 0.157131008900727
35, 190, 0.160962819567576
35, 191, 0.164781086375641
35, 192, 0.168583055299334
35, 193, 0.172366047883548
35, 194, 0.176127464553195
35, 195, 0.179864787567857
35, 196, 0.183575583630051
35, 197, 0.187257506156636
35, 198, 0.190908297223295
35, 199, 0.194525789192706
35, 200, 0.198107906037274
35, 201, 0.20165266436755
35, 202, 0.205158174177654
35, 203, 0.208622639319027
35, 204, 0.212044357713877
35, 205, 0.215421721319577
35, 206, 0.218753215855249
35, 207, 0.222037420301543
35, 208, 0.225273006184562
35, 209, 0.228458736654686
35, 210, 0.231593465370891
35, 211, 0.234676135201017
35, 212, 0.237705776748289
35, 213, 0.24068150671425
35, 214, 0.243602526108143
35, 215, 0.246468118312669
35, 216, 0.249277647015942
35, 217, 0.252030554019354
35, 218, 0.254726356930996
35, 219, 0.257364646754174
35, 220, 0.259945085380517
35, 221, 0.262467402996997
35, 222, 0.26493139541622
35, 223, 0.267336921339117
35, 224, 0.26968389955913
35, 225, 0.27197230611683
35, 226, 0.274202171413746
35, 227, 0.276373577294033
35, 228, 0.278486654102423
35, 229, 0.280541577726652
35, 230, 0.282538566632373
35, 231, 0.284477878898271
35, 232, 0.286359809258849
35, 233, 0.288184686162017
35, 234, 0.28995286884834
35, 235, 0.291664744458447
35, 236, 0.293320725174765
35, 237, 0.294921245403371
35, 238, 0.296466759001423
35, 239, 0.297957736555201
35, 240, 0.299394662713476
35, 241, 0.300778033580532
35, 242, 0.30210835417276
35, 243, 0.303386135942452
35, 244, 0.304611894371961
35, 245, 0.30578614664119
35, 246, 0.306909409370905
35, 247, 0.307982196444152
35, 248, 0.309005016907661
35, 249, 0.309978372954979
35, 250, 0.310902757992657
35, 251, 0.311778654790665
35, 252, 0.312606533718002
35, 253, 0.313386851064171
35, 254, 0.314120047447123
35, 255, 0.314806546308041
35, 256, 0.31544675249318
35, 257, 0.316041050922958
35, 258, 0.31658980534825
35, 259, 0.317093357193867
35, 260, 0.317552024489086
35, 261, 0.317966100885014
35, 262, 0.318335854758614
35, 263, 0.318661528403089
35, 264, 0.318943337304426
35, 265, 0.319181469503763
35, 266, 0.319376085045412
35, 267, 0.319527315510202
35, 268, 0.319635263634016
35, 269, 0.319700003011284
35, 270, 0.319721577883305
35, 271, 0.319700003011284
35, 272, 0.319635263634018
35, 273, 0.319527315510202
35, 274, 0.319376085045414
35, 275, 0.319181469503764
35, 276, 0.318943337304424
35, 277, 0.318661528403089
35, 278, 0.318335854758613
35, 279, 0.317966100885014
35, 280, 0.317552024489086
35, 281, 0.317093357193867
35, 282, 0.316589805348248
35, 283, 0.316041050922958
35, 284, 0.315446752493181
35, 285, 0.314806546308042
35, 286, 0.314120047447123
35, 287, 0.31338685106417
35, 288, 0.312606533718003
35, 289, 0.311778654790666
35, 290, 0.310902757992657
35, 291, 0.309978372954981
35, 292, 0.30900501690766
35, 293, 0.307982196444151
35, 294, 0.306909409370906
35, 295, 0.305786146641188
35, 296, 0.30461189437196
35, 297, 0.303386135942452
35, 298, 0.302108354172762
35, 299, 0.300778033580529
35, 300, 0.299394662713475
35, 301, 0.2979577365552
35, 302, 0.296466759001425
35, 303, 0.294921245403372
35, 304, 0.293320725174765
35, 305, 0.291664744458448
35, 306, 0.289952868848342
35, 307, 0.288184686162019
35, 308, 0.286359809258849
35, 309, 0.28447787889827
35, 310, 0.282538566632372
35, 311, 0.280541577726652
35, 312, 0.278486654102423
35, 313, 0.276373577294034
35, 314, 0.274202171413746
35, 315, 0.271972306116831
35, 316, 0.26968389955913
35, 317, 0.267336921339117
35, 318, 0.264931395416221
35, 319, 0.262467402996997
35, 320, 0.259945085380517
35, 321, 0.257364646754173
35, 322, 0.254726356930994
35, 323, 0.252030554019355
35, 324, 0.249277647015942
35, 325, 0.246468118312668
35, 326, 0.243602526108143
35, 327, 0.240681506714249
35, 328, 0.237705776748289
35, 329, 0.234676135201016
35, 330, 0.231593465370891
35, 331, 0.228458736654685
35, 332, 0.225273006184562
35, 333, 0.222037420301542
35, 334, 0.218753215855249
35, 335, 0.215421721319577
35, 336, 0.212044357713875
35, 337, 0.208622639319029
35, 338, 0.205158174177654
35, 339, 0.201652664367549
35, 340, 0.198107906037275
35, 341, 0.194525789192707
35, 342, 0.190908297223295
35, 343, 0.187257506156636
35, 344, 0.183575583630051
35, 345, 0.179864787567856
35, 346, 0.176127464553195
35, 347, 0.172366047883547
35, 348, 0.168583055299335
35, 349, 0.164781086375641
35, 350, 0.160962819567576
35, 351, 0.157131008900726
35, 352, 0.15328848029905
35, 353, 0.149438127543776
35, 354, 0.145582907858225
35, 355, 0.141725837115101
35, 356, 0.137869984664534
35, 357, 0.134018467783268
35, 358, 0.130174445747548
35, 359, 0.126341113534811
35, 360, 0.122521695161846
36, 0, 0.121378292081568
36, 1, 0.117519824696654
36, 2, 0.113682852332981
36, 3, 0.109870773366588
36, 4, 0.106086986702825
36, 5, 0.102334883054773
36, 6, 0.098617835933198
36, 7, 0.0949391923797581
36, 8, 0.091302263479133
36, 9, 0.0877103146896284
36, 10, 0.0841665560356459
36, 11, 0.0806741322089746
36, 12, 0.0772361126292851
36, 13, 0.073855481517272
36, 14, 0.0705351280366159
36, 15, 0.0672778365632741
36, 16, 0.0640862771424267
36, 17, 0.0609629961947484
36, 18, 0.0579104075344191
36, 19, 0.0549307837614282
36, 20, 0.0520262480902453
36, 21, 0.0491987666757576
36, 22, 0.0464501414955277
36, 23, 0.0437820038449179
36, 24, 0.0411958084983991
36, 25, 0.0386928285864942
36, 26, 0.0362741512333032
36, 27, 0.0339406739944276
36, 28, 0.0316931021294543
36, 29, 0.0295319467369816
36, 30, 0.0274575237735797
36, 31, 0.0254699539711212
36, 32, 0.0235691636596726
36, 33, 0.0217548864957368
36, 34, 0.0200266660881054
36, 35, 0.0183838595060657
36, 36, 0.0168256416472867
36, 37, 0.0153510104354702
36, 38, 0.0139587928109123
36, 39, 0.0126476514705384
36, 40, 0.011416092307877
36, 41, 0.0102624724978533
36, 42, 0.00918500916633211
36, 43, 0.00818178858005196
36, 44, 0.00725077578902734
36, 45, 0.0063898246507001
36, 46, 0.00559668816312033
36, 47, 0.00486902903324467
36, 48, 0.00420443040606521
36, 49, 0.00360040668071271
36, 50, 0.00305441434090601
36, 51, 0.00256386272909368
36, 52, 0.00212612469633862
36, 53, 0.00173854706335546
36, 54, 0.00139846083208871
36, 55, 0.00110319109172569
36, 56, 0.000850066568023899
36, 57, 0.00063642877019705
36, 58, 0.000459640695287708
36, 59, 0.000317095055856686
36, 60, 0.000206222002871734
36, 61, 0.000124496321790603
36, 62, 6.94440859289979e-05
36, 63, 3.86487572092191e-05
36, 64, 2.97567302248163e-05
36, 65, 4.04823211702764e-05
36, 66, 6.86122085085335e-05
36, 67, 0.000112009337235001
36, 68, 0.000168616303197448
36, 69, 0.00023645823811111
36, 70, 0.000313645219637909
36, 71, 0.000398374234155765
36, 72, 0.000488930722616251
36, 73, 0.000583689742166728
36, 74, 0.000681116777998689
36, 75, 0.000779768241182919
36, 76, 0.000878291689073065
36, 77, 0.000975425805222179
36, 78, 0.00107000017567964
36, 79, 0.00116093489804173
36, 80, 0.00124724005874507
36, 81, 0.00132801511284914
36, 82, 0.00140244819897155
36, 83, 0.00146981542016438
36, 84, 0.00152948011936241
36, 85, 0.00158089217564103
36, 86, 0.00162358734491463
36, 87, 0.00165718666591036
36, 88, 0.00168139594930715
36, 89, 0.00169600536484678
36, 90, 0.00170088913804303
36, 91, 0.00169600536484678
36, 92, 0.00168139594930712
36, 93, 0.00165718666591036
36, 94, 0.00162358734491463
36, 95, 0.00158089217564105
36, 96, 0.00152948011936243
36, 97, 0.00146981542016438
36, 98, 0.00140244819897157
36, 99, 0.00132801511284909
36, 100, 0.00124724005874507
36, 101, 0.00116093489804173
36, 102, 0.00107000017567966
36, 103, 0.000975425805222199
36, 104, 0.000878291689073092
36, 105, 0.000779768241182939
36, 106, 0.000681116777998683
36, 107, 0.000583689742166724
36, 108, 0.000488930722616244
36, 109, 0.000398374234155772
36, 110, 0.000313645219637915
36, 111, 0.000236458238111105
36, 112, 0.000168616303197456
36, 113, 0.000112009337235006
36, 114, 6.86122085085337e-05
36, 115, 4.04823211702747e-05
36, 116, 2.97567302248181e-05
36, 117, 3.86487572092152e-05
36, 118, 6.94440859289858e-05
36, 119, 0.000124496321790615
36, 120, 0.000206222002871735
36, 121, 0.000317095055856717
36, 122, 0.000459640695287753
36, 123, 0.000636428770197039
36, 124, 0.000850066568023888
36, 125, 0.00110319109172571
36, 126, 0.00139846083208868
36, 127, 0.00173854706335547
36, 128, 0.00212612469633866
36, 129, 0.00256386272909369
36, 130, 0.00305441434090604
36, 131, 0.00360040668071268
36, 132, 0.00420443040606516
36, 133, 0.00486902903324473
36, 134, 0.0055966881631203
36, 135, 0.00638982465070011
36, 136, 0.00725077578902741
36, 137, 0.00818178858005199
36, 138, 0.00918500916633189
36, 139, 0.0102624724978533
36, 140, 0.011416092307877
36, 141, 0.0126476514705384
36, 142, 0.0139587928109123
36, 143, 0.0153510104354703
36, 144, 0.0168256416472867
36, 145, 0.0183838595060656
36, 146, 0.0200266660881054
36, 147, 0.0217548864957369
36, 148, 0.0235691636596726
36, 149, 0.0254699539711211
36, 150, 0.0274575237735798
36, 151, 0.0295319467369815
36, 152, 0.0316931021294544
36, 153, 0.0339406739944277
36, 154, 0.0362741512333032
36, 155, 0.0386928285864941
36, 156, 0.0411958084983991
36, 157, 0.043782003844918
36, 158, 0.0464501414955278
36, 159, 0.0491987666757577
36, 160, 0.0520262480902454
36, 161, 0.0549307837614278
36, 162, 0.0579104075344189
36, 163, 0.0609629961947483
36, 164, 0.0640862771424266
36, 165, 0.0672778365632741
36, 166, 0.0705351280366159
36, 167, 0.0738554815172718
36, 168, 0.077236112629285
36, 169, 0.0806741322089744
36, 170, 0.0841665560356464
36, 171, 0.0877103146896287
36, 172, 0.0913022634791331
36, 173, 0.0949391923797579
36, 174, 0.0986178359331974
36, 175, 0.102334883054774
36, 176, 0.106086986702825
36, 177, 0.109870773366588
36, 178, 0.113682852332981
36, 179, 0.117519824696654
36, 180, 0.121378292081568
36, 181, 0.125254865046391
36, 182, 0.12914617114989
36, 183, 0.133048862656337
36, 184, 0.136959623864634
36, 185, 0.140875178048423
36, 186, 0.144792293997746
36, 187, 0.148707792155961
36, 188, 0.152618550348477
36, 189, 0.156521509102521
36, 190, 0.160413676559472
36, 191, 0.16429213298345
36, 192, 0.168154034871639
36, 193, 0.171996618673475
36, 194, 0.175817204127072
36, 195, 0.179613197222515
36, 196, 0.183382092802394
36, 197, 0.18712147681078
36, 198, 0.190829028202261
36, 199, 0.194502520523115
36, 200, 0.198139823176807
36, 201, 0.201738902386235
36, 202, 0.205297821865018
36, 203, 0.208814743210153
36, 204, 0.212287926028189
36, 205, 0.215715727806882
36, 206, 0.219096603544125
36, 207, 0.222429105145672
36, 208, 0.225711880603003
36, 209, 0.22894367296243
36, 210, 0.232123319096295
36, 211, 0.235249748287009
36, 212, 0.238321980634399
36, 213, 0.24133912529675
36, 214, 0.244300378575801
36, 215, 0.247205021855757
36, 216, 0.25005241940642
36, 217, 0.252842016060356
36, 218, 0.255573334774013
36, 219, 0.258245974082603
36, 220, 0.260859605458568
36, 221, 0.263413970583303
36, 222, 0.265908878541849
36, 223, 0.268344202950066
36, 224, 0.270719879023836
36, 225, 0.273035900599614
36, 226, 0.27529231711556
36, 227, 0.277489230562335
36, 228, 0.279626792412413
36, 229, 0.281705200536528
36, 230, 0.283724696115728
36, 231, 0.285685560557077
36, 232, 0.287588112420861
36, 233, 0.289432704366793
36, 234, 0.291219720126319
36, 235, 0.292949571507819
36, 236, 0.294622695441066
36, 237, 0.296239551066926
36, 238, 0.297800616877845
36, 239, 0.299306387914302
36, 240, 0.300757373021934
36, 241, 0.302154092173644
36, 242, 0.303497073860642
36, 243, 0.30478685255584
36, 244, 0.306023966252794
36, 245, 0.307208954082865
36, 246, 0.308342354013023
36, 247, 0.309424700626275
36, 248, 0.31045652298649
36, 249, 0.311438342588982
36, 250, 0.312370671398044
36, 251, 0.313254009972274
36, 252, 0.314088845678398
36, 253, 0.314875650994031
36, 254, 0.315614881899644
36, 255, 0.316306976359886
36, 256, 0.316952352894225
36, 257, 0.317551409236812
36, 258, 0.318104521085312
36, 259, 0.318612040938449
36, 260, 0.319074297021885
36, 261, 0.319491592302096
36, 262, 0.319864203587777
36, 263, 0.320192380718405
36, 264, 0.320476345839526
36, 265, 0.320716292764383
36, 266, 0.320912386421461
36, 267, 0.321064762387694
36, 268, 0.321173526506944
36, 269, 0.32123875459354
36, 270, 0.321260492220683
36, 271, 0.32123875459354
36, 272, 0.321173526506942
36, 273, 0.321064762387693
36, 274, 0.320912386421459
36, 275, 0.320716292764382
36, 276, 0.320476345839528
36, 277, 0.320192380718406
36, 278, 0.319864203587777
36, 279, 0.319491592302096
36, 280, 0.319074297021885
36, 281, 0.318612040938449
36, 282, 0.318104521085312
36, 283, 0.317551409236812
36, 284, 0.316952352894224
36, 285, 0.316306976359885
36, 286, 0.315614881899645
36, 287, 0.314875650994032
36, 288, 0.314088845678398
36, 289, 0.313254009972273
36, 290, 0.312370671398046
36, 291, 0.311438342588984
36, 292, 0.31045652298649
36, 293, 0.309424700626276
36, 294, 0.308342354013023
36, 295, 0.307208954082865
36, 296, 0.306023966252795
36, 297, 0.304786852555841
36, 298, 0.303497073860643
36, 299, 0.302154092173645
36, 300, 0.300757373021933
36, 301, 0.299306387914302
36, 302, 0.297800616877844
36, 303, 0.296239551066926
36, 304, 0.294622695441066
36, 305, 0.292949571507819
36, 306, 0.291219720126319
36, 307, 0.289432704366793
36, 308, 0.287588112420862
36, 309, 0.285685560557077
36, 310, 0.283724696115728
36, 311, 0.281705200536529
36, 312, 0.279626792412413
36, 313, 0.277489230562336
36, 314, 0.27529231711556
36, 315, 0.273035900599614
36, 316, 0.270719879023836
36, 317, 0.268344202950065
36, 318, 0.265908878541849
36, 319, 0.263413970583303
36, 320, 0.260859605458567
36, 321, 0.258245974082604
36, 322, 0.255573334774013
36, 323, 0.252842016060357
36, 324, 0.25005241940642
36, 325, 0.247205021855758
36, 326, 0.244300378575803
36, 327, 0.24133912529675
36, 328, 0.238321980634397
36, 329, 0.235249748287008
36, 330, 0.232123319096295
36, 331, 0.22894367296243
36, 332, 0.225711880603004
36, 333, 0.222429105145673
36, 334, 0.219096603544126
36, 335, 0.215715727806883
36, 336, 0.212287926028188
36, 337, 0.208814743210153
36, 338, 0.205297821865018
36, 339, 0.201738902386234
36, 340, 0.198139823176807
36, 341, 0.194502520523114
36, 342, 0.190829028202262
36, 343, 0.18712147681078
36, 344, 0.183382092802395
36, 345, 0.179613197222515
36, 346, 0.175817204127072
36, 347, 0.171996618673475
36, 348, 0.16815403487164
36, 349, 0.164292132983449
36, 350, 0.160413676559471
36, 351, 0.156521509102521
36, 352, 0.152618550348477
36, 353, 0.14870779215596
36, 354, 0.144792293997746
36, 355, 0.140875178048424
36, 356, 0.136959623864634
36, 357, 0.133048862656337
36, 358, 0.12914617114989
36, 359, 0.125254865046391
36, 360, 0.121378292081568
37, 0, 0.120176453315218
37, 1, 0.116267056151437
37, 2, 0.112380265043176
37, 3, 0.108519605100962
37, 4, 0.104688603591657
37, 5, 0.100890780764497
37, 6, 0.0971296403492453
37, 7, 0.0934086597591847
37, 8, 0.0897312800362333
37, 9, 0.0861008955799442
37, 10, 0.0825208437065671
37, 11, 0.0789943940885687
37, 12, 0.0755247381290163
37, 13, 0.0721149783288864
37, 14, 0.0687681177086738
37, 15, 0.0654870493484986
37, 16, 0.062274546113244
37, 17, 0.0591332506309732
37, 18, 0.0560656655939766
37, 19, 0.0530741444522074
37, 20, 0.0501608825685065
37, 21, 0.0473279089039684
37, 22, 0.0445770782998811
37, 23, 0.0419100644200238
37, 24, 0.0393283534136461
37, 25, 0.0368332383552092
37, 26, 0.0344258145119939
37, 27, 0.0321069754849777
37, 28, 0.0298774102620689
37, 29, 0.0277376012158222
37, 30, 0.0256878230703414
37, 31, 0.0237281428542002
37, 32, 0.0218584208480065
37, 33, 0.0200783125268132
37, 34, 0.0183872714890195
37, 35, 0.0167845533548468
37, 36, 0.0152692206090069
37, 37, 0.0138401483539315
37, 38, 0.0124960309320077
37, 39, 0.0112353893677688
37, 40, 0.010056579574028
37, 41, 0.00895780125960949
37, 42, 0.00793710747068526
37, 43, 0.00699241469290395
37, 44, 0.00612151343745704
37, 45, 0.0053220792311364
37, 46, 0.00459168392821709
37, 47, 0.00392780726075202
37, 48, 0.00332784854355125
37, 49, 0.00278913845073708
37, 50, 0.00230895078230519
37, 51, 0.00188451414152835
37, 52, 0.0015130234472724
37, 53, 0.00119165120929278
37, 54, 0.000917558499266969
37, 55, 0.000687905555620331
37, 56, 0.000499861966031718
37, 57, 0.000350616377764355
37, 58, 0.000237385692569396
37, 59, 0.000157423709750797
37, 60, 0.000108029187965152
37, 61, 8.65533033661909e-05
37, 62, 9.04064886942863e-05
37, 63, 0.000117064644771598
37, 64, 0.000164074722511752
37, 65, 0.000229059679912518
37, 66, 0.000309722824505801
37, 67, 0.000403851557332469
37, 68, 0.000509320539640305
37, 69, 0.00062409430813245
37, 70, 0.000746229368689379
37, 71, 0.000873875802030314
37, 72, 0.00100527841775337
37, 73, 0.00113877749559758
37, 74, 0.00127280915460794
37, 75, 0.00140590539215868
37, 76, 0.00153669383553213
37, 77, 0.00166389724896801
37, 78, 0.00178633283882515
37, 79, 0.00190291139876349
37, 80, 0.00201263633569062
37, 81, 0.00211460261565774
37, 82, 0.00220799566696948
37, 83, 0.00229209027553241
37, 84, 0.00236624950493116
37, 85, 0.00242992367093717
37, 86, 0.00248264939714756
37, 87, 0.00252404877525012
37, 88, 0.00255382865005772
37, 89, 0.00257178004596178
37, 90, 0.00257777774786308
37, 91, 0.00257178004596177
37, 92, 0.00255382865005771
37, 93, 0.00252404877525011
37, 94, 0.00248264939714758
37, 95, 0.00242992367093715
37, 96, 0.00236624950493115
37, 97, 0.00229209027553243
37, 98, 0.00220799566696949
37, 99, 0.00211460261565772
37, 100, 0.00201263633569064
37, 101, 0.0019029113987635
37, 102, 0.00178633283882521
37, 103, 0.00166389724896802
37, 104, 0.0015366938355321
37, 105, 0.00140590539215868
37, 106, 0.00127280915460792
37, 107, 0.00113877749559759
37, 108, 0.00100527841775334
37, 109, 0.000873875802030316
37, 110, 0.000746229368689343
37, 111, 0.000624094308132448
37, 112, 0.000509320539640306
37, 113, 0.000403851557332459
37, 114, 0.000309722824505805
37, 115, 0.000229059679912524
37, 116, 0.00016407472251176
37, 117, 0.000117064644771589
37, 118, 9.04064886942763e-05
37, 119, 8.65533033661929e-05
37, 120, 0.000108029187965151
37, 121, 0.000157423709750821
37, 122, 0.000237385692569397
37, 123, 0.000350616377764338
37, 124, 0.000499861966031703
37, 125, 0.00068790555562031
37, 126, 0.000917558499266955
37, 127, 0.00119165120929278
37, 128, 0.0015130234472724
37, 129, 0.00188451414152833
37, 130, 0.0023089507823052
37, 131, 0.00278913845073695
37, 132, 0.00332784854355123
37, 133, 0.00392780726075201
37, 134, 0.004591683928217
37, 135, 0.00532207923113639
37, 136, 0.00612151343745691
37, 137, 0.00699241469290394
37, 138, 0.00793710747068535
37, 139, 0.00895780125960944
37, 140, 0.0100565795740282
37, 141, 0.0112353893677687
37, 142, 0.0124960309320078
37, 143, 0.0138401483539314
37, 144, 0.0152692206090069
37, 145, 0.0167845533548468
37, 146, 0.0183872714890195
37, 147, 0.0200783125268133
37, 148, 0.0218584208480064
37, 149, 0.0237281428542002
37, 150, 0.0256878230703416
37, 151, 0.0277376012158222
37, 152, 0.0298774102620689
37, 153, 0.0321069754849777
37, 154, 0.0344258145119937
37, 155, 0.0368332383552092
37, 156, 0.0393283534136461
37, 157, 0.0419100644200239
37, 158, 0.0445770782998812
37, 159, 0.0473279089039689
37, 160, 0.0501608825685067
37, 161, 0.0530741444522072
37, 162, 0.0560656655939768
37, 163, 0.0591332506309729
37, 164, 0.0622745461132439
37, 165, 0.0654870493484988
37, 166, 0.0687681177086739
37, 167, 0.0721149783288868
37, 168, 0.0755247381290162
37, 169, 0.0789943940885687
37, 170, 0.082520843706567
37, 171, 0.0861008955799443
37, 172, 0.0897312800362327
37, 173, 0.0934086597591847
37, 174, 0.0971296403492454
37, 175, 0.100890780764497
37, 176, 0.104688603591657
37, 177, 0.108519605100962
37, 178, 0.112380265043176
37, 179, 0.116267056151437
37, 180, 0.120176453315218
37, 181, 0.124104942398174
37, 182, 0.128049028676069
37, 183, 0.13200524487527
37, 184, 0.135970158796399
37, 185, 0.139940380511639
37, 186, 0.143912569127804
37, 187, 0.147883439110672
37, 188, 0.151849766169145
37, 189, 0.155808392700571
37, 190, 0.159756232801
37, 191, 0.16369027684634
37, 192, 0.167607595652173
37, 193, 0.171505344221582
37, 194, 0.175380765091588
37, 195, 0.17923119128983
37, 196, 0.183054048913866
37, 197, 0.186846859346058
37, 198, 0.190607241117359
37, 199, 0.194332911433476
37, 200, 0.198021687377016
37, 201, 0.20167148679908
37, 202, 0.205280328913644
37, 203, 0.208846334607856
37, 204, 0.212367726481053
37, 205, 0.21584282862506
37, 206, 0.219270066157921
37, 207, 0.222647964522985
37, 208, 0.225975148564899
37, 209, 0.22925034139378
37, 210, 0.232472363048615
37, 211, 0.235640128970662
37, 212, 0.238752648297482
37, 213, 0.24180902198805
37, 214, 0.244808440789277
37, 215, 0.247750183054214
37, 216, 0.250633612422107
37, 217, 0.253458175370466
37, 218, 0.256223398649284
37, 219, 0.258928886607505
37, 220, 0.261574318421865
37, 221, 0.26415944523817
37, 222, 0.26668408723509
37, 223, 0.269148130620469
37, 224, 0.27155152457009
37, 225, 0.273894278118765
37, 226, 0.276176457013449
37, 227, 0.278398180537951
37, 228, 0.2805596183186
37, 229, 0.282660987120014
37, 230, 0.284702547639801
37, 231, 0.28668460131079
37, 232, 0.288607487118983
37, 233, 0.290471578445096
37, 234, 0.292277279937123
37, 235, 0.294025024420999
37, 236, 0.295715269855898
37, 237, 0.297348496340369
37, 238, 0.298925203174937
37, 239, 0.300445905986427
37, 240, 0.301911133918686
37, 241, 0.30332142689405
37, 242, 0.304677332949287
37, 243, 0.305979405649459
37, 244, 0.307228201582587
37, 245, 0.308424277937664
37, 246, 0.309568190168157
37, 247, 0.310660489742754
37, 248, 0.311701721984778
37, 249, 0.312692424001432
37, 250, 0.31363312270361
37, 251, 0.31452433291696
37, 252, 0.315366555584443
37, 253, 0.316160276060591
37, 254, 0.316905962497378
37, 255, 0.317604064321596
37, 256, 0.318255010803328
37, 257, 0.318859209715202
37, 258, 0.319417046081892
37, 259, 0.319928881019328
37, 260, 0.320395050663062
37, 261, 0.320815865185162
37, 262, 0.321191607899038
37, 263, 0.321522534451608
37, 264, 0.321808872102237
37, 265, 0.322050819087882
37, 266, 0.322248544073979
37, 267, 0.322402185690586
37, 268, 0.322511852153444
37, 269, 0.322577620969563
37, 270, 0.322599538727139
37, 271, 0.322577620969564
37, 272, 0.322511852153444
37, 273, 0.322402185690586
37, 274, 0.322248544073978
37, 275, 0.322050819087884
37, 276, 0.321808872102237
37, 277, 0.321522534451607
37, 278, 0.321191607899038
37, 279, 0.320815865185162
37, 280, 0.320395050663062
37, 281, 0.319928881019327
37, 282, 0.319417046081891
37, 283, 0.318859209715203
37, 284, 0.318255010803327
37, 285, 0.317604064321595
37, 286, 0.316905962497378
37, 287, 0.31616027606059
37, 288, 0.315366555584444
37, 289, 0.314524332916961
37, 290, 0.31363312270361
37, 291, 0.31269242400143
37, 292, 0.31170172198478
37, 293, 0.310660489742753
37, 294, 0.309568190168157
37, 295, 0.308424277937664
37, 296, 0.307228201582587
37, 297, 0.305979405649459
37, 298, 0.304677332949287
37, 299, 0.30332142689405
37, 300, 0.301911133918685
37, 301, 0.300445905986427
37, 302, 0.298925203174938
37, 303, 0.297348496340368
37, 304, 0.295715269855898
37, 305, 0.294025024420999
37, 306, 0.292277279937124
37, 307, 0.290471578445095
37, 308, 0.288607487118983
37, 309, 0.28668460131079
37, 310, 0.284702547639801
37, 311, 0.282660987120015
37, 312, 0.2805596183186
37, 313, 0.278398180537948
37, 314, 0.276176457013448
37, 315, 0.273894278118764
37, 316, 0.271551524570089
37, 317, 0.26914813062047
37, 318, 0.266684087235089
37, 319, 0.26415944523817
37, 320, 0.261574318421864
37, 321, 0.258928886607505
37, 322, 0.256223398649285
37, 323, 0.253458175370466
37, 324, 0.250633612422107
37, 325, 0.247750183054214
37, 326, 0.244808440789276
37, 327, 0.241809021988049
37, 328, 0.238752648297483
37, 329, 0.235640128970664
37, 330, 0.232472363048615
37, 331, 0.22925034139378
37, 332, 0.225975148564899
37, 333, 0.222647964522984
37, 334, 0.219270066157921
37, 335, 0.215842828625059
37, 336, 0.212367726481053
37, 337, 0.208846334607856
37, 338, 0.205280328913644
37, 339, 0.20167148679908
37, 340, 0.198021687377015
37, 341, 0.194332911433476
37, 342, 0.190607241117358
37, 343, 0.186846859346058
37, 344, 0.183054048913865
37, 345, 0.179231191289831
37, 346, 0.175380765091589
37, 347, 0.171505344221582
37, 348, 0.167607595652173
37, 349, 0.16369027684634
37, 350, 0.159756232801
37, 351, 0.155808392700571
37, 352, 0.151849766169145
37, 353, 0.147883439110672
37, 354, 0.143912569127804
37, 355, 0.13994038051164
37, 356, 0.135970158796399
37, 357, 0.132005244875269
37, 358, 0.128049028676069
37, 359, 0.124104942398174
37, 360, 0.120176453315218
38, 0, 0.118915009211852
38, 1, 0.114960126532056
38, 2, 0.11102899970256
38, 3, 0.107125275917361
38, 4, 0.103252606249802
38, 5, 0.099414636041545
38, 6, 0.095614994921362
38, 7, 0.0918572864872151
38, 8, 0.0881450776902569
38, 9, 0.0844818879645237
38, 10, 0.0808711781511774
38, 11, 0.0773163392710726
38, 12, 0.0738206812040953
38, 13, 0.0703874213380671
38, 14, 0.0670196732539493
38, 15, 0.0637204355175304
38, 16, 0.0604925806506325
38, 17, 0.0573388443571133
38, 18, 0.0542618150804193
38, 19, 0.0512639239701754
38, 20, 0.0483474353351899
38, 21, 0.0455144376592554
38, 22, 0.0427668352542634
38, 23, 0.040106340622339
38, 24, 0.037534467595007
38, 25, 0.0350525253127872
38, 26, 0.0326616131031353
38, 27, 0.0303626163083624
38, 28, 0.0281562031080761
38, 29, 0.0260428223729481
38, 30, 0.024022702578244
38, 31, 0.022095851796679
38, 32, 0.0202620587809037
38, 33, 0.018520895136378
38, 34, 0.0168717185756941
38, 35, 0.015313677235681
38, 36, 0.0138457150290143
38, 37, 0.0124665779926731
38, 38, 0.0111748215865705
38, 39, 0.00996881888717885
38, 40, 0.00884676961304995
38, 41, 0.00780670991195098
38, 42, 0.00684652283296126
38, 43, 0.00596394940140333
38, 44, 0.00515660020998787
38, 45, 0.00442196743607018
38, 46, 0.00375743719251911
38, 47, 0.00316030211836977
38, 48, 0.00262777411520527
38, 49, 0.0021569971360606
38, 50, 0.00174505993553659
38, 51, 0.00138900869271529
38, 52, 0.00108585942230843
38, 53, 0.000832610094191723
38, 54, 0.000626252386973747
38, 55, 0.000463783007445703
38, 56, 0.000342214514537965
38, 57, 0.000258585593673613
38, 58, 0.000209970735039065
38, 59, 0.00019348927717786
38, 60, 0.000206313785339167
38, 61, 0.000245677742068042
38, 62, 0.000308882535503049
38, 63, 0.000393303738645589
38, 64, 0.000496396680392673
38, 65, 0.000615701316295611
38, 66, 0.000748846413743107
38, 67, 0.000893553072507568
38, 68, 0.00104763760728082
38, 69, 0.00120901382391889
38, 70, 0.00137569472558114
38, 71, 0.0015457936887695
38, 72, 0.00171752515243364
38, 73, 0.00188920486581256
38, 74, 0.00205924974253567
38, 75, 0.00222617736972567
38, 76, 0.00238860522145738
38, 77, 0.00254524962595397
38, 78, 0.00269492453538709
38, 79, 0.00283654014611857
38, 80, 0.00296910141573198
38, 81, 0.00309170652127625
38, 82, 0.00320354530084182
38, 83, 0.00330389771794087
38, 84, 0.00339213238521292
38, 85, 0.00346770518076544
38, 86, 0.00353015798702177
38, 87, 0.00357911757831859
38, 88, 0.00361429467970933
38, 89, 0.00363548321551166
38, 90, 0.00364255976212074
38, 91, 0.00363548321551165
38, 92, 0.00361429467970925
38, 93, 0.00357911757831858
38, 94, 0.00353015798702178
38, 95, 0.00346770518076544
38, 96, 0.00339213238521292
38, 97, 0.00330389771794087
38, 98, 0.00320354530084176
38, 99, 0.00309170652127623
38, 100, 0.00296910141573198
38, 101, 0.00283654014611859
38, 102, 0.00269492453538709
38, 103, 0.00254524962595401
38, 104, 0.00238860522145738
38, 105, 0.00222617736972567
38, 106, 0.00205924974253564
38, 107, 0.00188920486581255
38, 108, 0.00171752515243363
38, 109, 0.00154579368876951
38, 110, 0.00137569472558114
38, 111, 0.00120901382391888
38, 112, 0.00104763760728081
38, 113, 0.000893553072507564
38, 114, 0.000748846413743108
38, 115, 0.000615701316295621
38, 116, 0.000496396680392644
38, 117, 0.000393303738645573
38, 118, 0.000308882535503061
38, 119, 0.000245677742068031
38, 120, 0.000206313785339166
38, 121, 0.000193489277177871
38, 122, 0.00020997073503906
38, 123, 0.000258585593673614
38, 124, 0.000342214514537976
38, 125, 0.000463783007445707
38, 126, 0.000626252386973746
38, 127, 0.000832610094191713
38, 128, 0.00108585942230843
38, 129, 0.00138900869271528
38, 130, 0.00174505993553661
38, 131, 0.00215699713606061
38, 132, 0.00262777411520531
38, 133, 0.00316030211836978
38, 134, 0.00375743719251905
38, 135, 0.00442196743607019
38, 136, 0.00515660020998794
38, 137, 0.00596394940140335
38, 138, 0.00684652283296125
38, 139, 0.00780670991195111
38, 140, 0.00884676961304992
38, 141, 0.00996881888717883
38, 142, 0.0111748215865705
38, 143, 0.0124665779926732
38, 144, 0.0138457150290144
38, 145, 0.0153136772356809
38, 146, 0.0168717185756941
38, 147, 0.0185208951363781
38, 148, 0.0202620587809036
38, 149, 0.022095851796679
38, 150, 0.0240227025782442
38, 151, 0.026042822372948
38, 152, 0.028156203108076
38, 153, 0.0303626163083626
38, 154, 0.0326616131031352
38, 155, 0.0350525253127871
38, 156, 0.0375344675950074
38, 157, 0.0401063406223387
38, 158, 0.0427668352542633
38, 159, 0.0455144376592554
38, 160, 0.0483474353351899
38, 161, 0.0512639239701753
38, 162, 0.0542618150804193
38, 163, 0.0573388443571132
38, 164, 0.0604925806506325
38, 165, 0.0637204355175302
38, 166, 0.0670196732539495
38, 167, 0.0703874213380673
38, 168, 0.0738206812040955
38, 169, 0.0773163392710725
38, 170, 0.0808711781511774
38, 171, 0.084481887964524
38, 172, 0.088145077690257
38, 173, 0.0918572864872149
38, 174, 0.0956149949213619
38, 175, 0.0994146360415452
38, 176, 0.103252606249802
38, 177, 0.107125275917361
38, 178, 0.11102899970256
38, 179, 0.114960126532056
38, 180, 0.118915009211851
38, 181, 0.122890013639768
38, 182, 0.126881527595946
38, 183, 0.130885969092728
38, 184, 0.13489979426978
38, 185, 0.138919504824654
38, 186, 0.142941654972808
38, 187, 0.146962857934811
38, 188, 0.150979791951666
38, 189, 0.154989205832062
38, 190, 0.158987924037928
38, 191, 0.162972851316765
38, 192, 0.166940976891097
38, 193, 0.170889378216811
38, 194, 0.174815224323342
38, 195, 0.1787157787495
38, 196, 0.18258840208938
38, 197, 0.186430554163113
38, 198, 0.190239795827423
38, 199, 0.19401379044093
38, 200, 0.197750304998986
38, 201, 0.201447210952558
38, 202, 0.205102484725372
38, 203, 0.208714207943046
38, 204, 0.212280567387581
38, 205, 0.215799854690081
38, 206, 0.219270465774125
38, 207, 0.222690900061858
38, 208, 0.226059759454362
38, 209, 0.229375747097665
38, 210, 0.232637665945314
38, 211, 0.235844417128338
38, 212, 0.238994998143086
38, 213, 0.242088500867454
38, 214, 0.245124109415792
38, 215, 0.248101097842812
38, 216, 0.251018827706811
38, 217, 0.2538767455025
38, 218, 0.256674379973818
38, 219, 0.259411339317131
38, 220, 0.26208730828526
38, 221, 0.264702045202843
38, 222, 0.267255378903559
38, 223, 0.269747205599712
38, 224, 0.272177485694658
38, 225, 0.274546240548523
38, 226, 0.276853549207459
38, 227, 0.279099545106634
38, 228, 0.281284412756865
38, 229, 0.283408384424596
38, 230, 0.285471736814643
38, 231, 0.287474787764696
38, 232, 0.289417892960347
38, 233, 0.291301442678794
38, 234, 0.293125858569122
38, 235, 0.294891590476396
38, 236, 0.296599113316452
38, 237, 0.298248924007643
38, 238, 0.299841538465314
38, 239, 0.30137748866428
38, 240, 0.302857319773939
38, 241, 0.304281587370271
38, 242, 0.305650854728353
38, 243, 0.306965690198536
38, 244, 0.308226664669036
38, 245, 0.309434349117138
38, 246, 0.310589312250849
38, 247, 0.311692118242425
38, 248, 0.312743324554873
38, 249, 0.313743479862105
38, 250, 0.314693122063271
38, 251, 0.315592776391391
38, 252, 0.316442953616301
38, 253, 0.317244148341626
38, 254, 0.317996837395436
38, 255, 0.318701478314005
38, 256, 0.319358507918059
38, 257, 0.319968340980792
38, 258, 0.320531368986835
38, 259, 0.321047958981433
38, 260, 0.321518452508921
38, 261, 0.321943164639725
38, 262, 0.322322383085069
38, 263, 0.322656367398568
38, 264, 0.322945348264047
38, 265, 0.323189526868803
38, 266, 0.323389074361799
38, 267, 0.32354413139614
38, 268, 0.323654807755416
38, 269, 0.323721182063499
38, 270, 0.323743301577477
38, 271, 0.3237211820635
38, 272, 0.323654807755417
38, 273, 0.32354413139614
38, 274, 0.3233890743618
38, 275, 0.323189526868802
38, 276, 0.322945348264047
38, 277, 0.322656367398569
38, 278, 0.322322383085069
38, 279, 0.321943164639726
38, 280, 0.321518452508921
38, 281, 0.321047958981434
38, 282, 0.320531368986836
38, 283, 0.31996834098079
38, 284, 0.31935850791806
38, 285, 0.318701478314004
38, 286, 0.317996837395436
38, 287, 0.317244148341626
38, 288, 0.316442953616301
38, 289, 0.315592776391391
38, 290, 0.314693122063271
38, 291, 0.313743479862104
38, 292, 0.312743324554871
38, 293, 0.311692118242425
38, 294, 0.310589312250846
38, 295, 0.309434349117139
38, 296, 0.308226664669034
38, 297, 0.306965690198536
38, 298, 0.305650854728352
38, 299, 0.304281587370272
38, 300, 0.302857319773939
38, 301, 0.301377488664279
38, 302, 0.299841538465316
38, 303, 0.298248924007642
38, 304, 0.296599113316452
38, 305, 0.294891590476395
38, 306, 0.293125858569122
38, 307, 0.291301442678794
38, 308, 0.289417892960347
38, 309, 0.287474787764697
38, 310, 0.285471736814642
38, 311, 0.283408384424596
38, 312, 0.281284412756864
38, 313, 0.279099545106636
38, 314, 0.276853549207461
38, 315, 0.274546240548522
38, 316, 0.272177485694659
38, 317, 0.26974720559971
38, 318, 0.267255378903559
38, 319, 0.264702045202843
38, 320, 0.262087308285259
38, 321, 0.259411339317132
38, 322, 0.256674379973819
38, 323, 0.253876745502499
38, 324, 0.251018827706811
38, 325, 0.248101097842813
38, 326, 0.245124109415792
38, 327, 0.242088500867454
38, 328, 0.238994998143085
38, 329, 0.235844417128337
38, 330, 0.232637665945315
38, 331, 0.229375747097664
38, 332, 0.226059759454362
38, 333, 0.222690900061858
38, 334, 0.219270465774126
38, 335, 0.21579985469008
38, 336, 0.212280567387582
38, 337, 0.208714207943046
38, 338, 0.205102484725371
38, 339, 0.201447210952558
38, 340, 0.197750304998986
38, 341, 0.194013790440931
38, 342, 0.190239795827423
38, 343, 0.186430554163113
38, 344, 0.182588402089381
38, 345, 0.1787157787495
38, 346, 0.174815224323342
38, 347, 0.170889378216811
38, 348, 0.166940976891097
38, 349, 0.162972851316764
38, 350, 0.158987924037928
38, 351, 0.154989205832062
38, 352, 0.150979791951665
38, 353, 0.146962857934812
38, 354, 0.142941654972809
38, 355, 0.138919504824654
38, 356, 0.13489979426978
38, 357, 0.130885969092728
38, 358, 0.126881527595948
38, 359, 0.122890013639768
38, 360, 0.118915009211852
39, 0, 0.117593002276952
39, 1, 0.113598228635212
39, 2, 0.109628401518781
39, 3, 0.105687284862223
39, 4, 0.10177864827826
39, 5, 0.0979062570289871
39, 6, 0.0940738615818744
39, 7, 0.0902851867844282
39, 8, 0.0865439206971693
39, 9, 0.0828537031304799
39, 10, 0.0792181139366789
39, 11, 0.075640661114363
39, 12, 0.0721247687874979
39, 13, 0.0686737651268255
39, 14, 0.0652908702858598
39, 15, 0.0619791844278253
39, 16, 0.0587416759234534
39, 17, 0.0555811698022978
39, 18, 0.0525003365422251
39, 19, 0.0495016812828527
39, 20, 0.0465875335488628
39, 21, 0.043760037568305
39, 22, 0.0410211432691441
39, 23, 0.0383725980344297
39, 24, 0.0358159392924872
39, 25, 0.0333524880135912
39, 26, 0.0309833431785438
39, 27, 0.0287093772776533
39, 28, 0.0265312328907775
39, 29, 0.0244493203904128
39, 30, 0.0224638168004824
39, 31, 0.0205746658334877
39, 32, 0.0187815791182801
39, 33, 0.0170840386199227
39, 34, 0.015481300242166
39, 35, 0.0139723985920488
39, 36, 0.0125561528752557
39, 37, 0.0112311738802256
39, 38, 0.00999587199880658
39, 39, 0.00884846622158967
39, 40, 0.00778699403711031
39, 41, 0.00680932215597398
39, 42, 0.00591315797377319
39, 43, 0.0050960616805053
39, 44, 0.00435545891916972
39, 45, 0.00368865389236704
39, 46, 0.00309284281308921
39, 47, 0.00256512759452215
39, 48, 0.00210252967354424
39, 49, 0.0017020038637281
39, 50, 0.00136045213595963
39, 51, 0.00107473722825595
39, 52, 0.000841695990900784
39, 53, 0.000658152378543016
39, 54, 0.000520930007326696
39, 55, 0.000426864202310683
39, 56, 0.000372813468293864
39, 57, 0.000355670325539124
39, 58, 0.000372371460672498
39, 59, 0.000419907152075693
39, 60, 0.000495329938267485
39, 61, 0.000595762506951086
39, 62, 0.000718404791464005
39, 63, 0.000860540270191531
39, 64, 0.00101954147298796
39, 65, 0.0011928747066907
39, 66, 0.00137810401933191
39, 67, 0.00157289442957486
39, 68, 0.00177501445417028
39, 69, 0.00198233797179594
39, 70, 0.00219284546647768
39, 71, 0.00240462469787372
39, 72, 0.00261587084902996
39, 73, 0.00282488620478163
39, 74, 0.00303007941580932
39, 75, 0.00322996440447146
39, 76, 0.00342315896896524
39, 77, 0.00360838314215144
39, 78, 0.00378445736056592
39, 79, 0.00395030049775967
39, 80, 0.00410492781423747
39, 81, 0.00424744887392328
39, 82, 0.00437706547434601
39, 83, 0.00449306963463687
39, 84, 0.00459484168202357
39, 85, 0.00468184847383713
39, 86, 0.00475364178814782
39, 87, 0.00480985691206339
39, 88, 0.00485021145249295
39, 89, 0.0048745043898171
39, 90, 0.00488261539045742
39, 91, 0.00487450438981707
39, 92, 0.00485021145249296
39, 93, 0.00480985691206342
39, 94, 0.00475364178814789
39, 95, 0.00468184847383718
39, 96, 0.00459484168202356
39, 97, 0.0044930696346369
39, 98, 0.00437706547434604
39, 99, 0.00424744887392323
39, 100, 0.00410492781423748
39, 101, 0.00395030049775974
39, 102, 0.00378445736056588
39, 103, 0.00360838314215146
39, 104, 0.00342315896896526
39, 105, 0.0032299644044715
39, 106, 0.00303007941580931
39, 107, 0.00282488620478156
39, 108, 0.00261587084902995
39, 109, 0.00240462469787368
39, 110, 0.00219284546647766
39, 111, 0.00198233797179594
39, 112, 0.00177501445417028
39, 113, 0.00157289442957485
39, 114, 0.00137810401933192
39, 115, 0.00119287470669071
39, 116, 0.00101954147298794
39, 117, 0.000860540270191529
39, 118, 0.000718404791464004
39, 119, 0.000595762506951098
39, 120, 0.000495329938267486
39, 121, 0.000419907152075715
39, 122, 0.000372371460672504
39, 123, 0.00035567032553911
39, 124, 0.000372813468293859
39, 125, 0.000426864202310702
39, 126, 0.000520930007326687
39, 127, 0.00065815237854299
39, 128, 0.00084169599090079
39, 129, 0.00107473722825604
39, 130, 0.00136045213595956
39, 131, 0.00170200386372816
39, 132, 0.00210252967354431
39, 133, 0.00256512759452212
39, 134, 0.00309284281308912
39, 135, 0.0036886538923671
39, 136, 0.00435545891916981
39, 137, 0.00509606168050525
39, 138, 0.00591315797377311
39, 139, 0.00680932215597381
39, 140, 0.00778699403711012
39, 141, 0.00884846622158944
39, 142, 0.00999587199880661
39, 143, 0.0112311738802256
39, 144, 0.0125561528752557
39, 145, 0.0139723985920488
39, 146, 0.015481300242166
39, 147, 0.017084038619923
39, 148, 0.0187815791182802
39, 149, 0.020574665833488
39, 150, 0.0224638168004826
39, 151, 0.0244493203904128
39, 152, 0.0265312328907771
39, 153, 0.0287093772776531
39, 154, 0.0309833431785438
39, 155, 0.0333524880135913
39, 156, 0.0358159392924867
39, 157, 0.0383725980344293
39, 158, 0.0410211432691442
39, 159, 0.0437600375683047
39, 160, 0.0465875335488629
39, 161, 0.0495016812828523
39, 162, 0.0525003365422251
39, 163, 0.0555811698022984
39, 164, 0.0587416759234533
39, 165, 0.0619791844278253
39, 166, 0.0652908702858596
39, 167, 0.0686737651268255
39, 168, 0.0721247687874977
39, 169, 0.0756406611143628
39, 170, 0.0792181139366793
39, 171, 0.0828537031304798
39, 172, 0.08654392069717
39, 173, 0.090285186784428
39, 174, 0.0940738615818743
39, 175, 0.0979062570289875
39, 176, 0.10177864827826
39, 177, 0.105687284862222
39, 178, 0.109628401518781
39, 179, 0.113598228635212
39, 180, 0.117593002276953
39, 181, 0.121608973773056
39, 182, 0.125642418835705
39, 183, 0.129689646196448
39, 184, 0.133747005746793
39, 185, 0.137810896175391
39, 186, 0.141877772098342
39, 187, 0.145944150682876
39, 188, 0.150006617768184
39, 189, 0.15406183349004
39, 190, 0.158106537418495
39, 191, 0.162137553219947
39, 192, 0.16615179285673
39, 193, 0.170146260338599
39, 194, 0.174118055041563
39, 195, 0.178064374610138
39, 196, 0.181982517459508
39, 197, 0.185869884894192
39, 198, 0.189723982859749
39, 199, 0.193542423343821
39, 200, 0.197322925442376
39, 201, 0.201063316106554
39, 202, 0.204761530584952
39, 203, 0.20841561257559
39, 204, 0.212023714101138
39, 205, 0.215584095120469
39, 206, 0.219095122888947
39, 207, 0.222555271079416
39, 208, 0.225963118675327
39, 209, 0.229317348647134
39, 210, 0.232616746422696
39, 211, 0.235860198162268
39, 212, 0.239046688848419
39, 213, 0.242175300201216
39, 214, 0.245245208428909
39, 215, 0.248255681824417
39, 216, 0.25120607821801
39, 217, 0.254095842296626
39, 218, 0.256924502800429
39, 219, 0.259691669607386
39, 220, 0.262397030716652
39, 221, 0.265040349141806
39, 222, 0.267621459724973
39, 223, 0.270140265882968
39, 224, 0.272596736296582
39, 225, 0.274990901554105
39, 226, 0.277322850760084
39, 227, 0.279592728120145
39, 228, 0.281800729512516
39, 229, 0.283947099056589
39, 230, 0.28603212568854
39, 231, 0.288056139753654
39, 232, 0.290019509624503
39, 233, 0.291922638353725
39, 234, 0.293765960369554
39, 235, 0.295549938221727
39, 236, 0.297275059384817
39, 237, 0.298941833125429
39, 238, 0.300550787439066
39, 239, 0.302102466061933
39, 240, 0.303597425562242
39, 241, 0.305036232515082
39, 242, 0.306419460764247
39, 243, 0.307747688773969
39, 244, 0.309021497072881
39, 245, 0.310241465792105
39, 246, 0.311408172298881
39, 247, 0.312522188926746
39, 248, 0.313584080802865
39, 249, 0.314594403772832
39, 250, 0.315553702422897
39, 251, 0.316462508199386
39, 252, 0.317321337624773
39, 253, 0.318130690609791
39, 254, 0.318891048860725
39, 255, 0.319602874380955
39, 256, 0.320266608065782
39, 257, 0.320882668389384
39, 258, 0.321451450182892
39, 259, 0.321973323502407
39, 260, 0.322448632585899
39, 261, 0.322877694897917
39, 262, 0.323260800261079
39, 263, 0.323598210073361
39, 264, 0.323890156610349
39, 265, 0.324136842411547
39, 266, 0.324338439750054
39, 267, 0.324495090184965
39, 268, 0.324606904195912
39, 269, 0.324673960899291
39, 270, 0.324696307845844
39, 271, 0.324673960899291
39, 272, 0.324606904195912
39, 273, 0.324495090184966
39, 274, 0.324338439750054
39, 275, 0.324136842411548
39, 276, 0.32389015661035
39, 277, 0.32359821007336
39, 278, 0.323260800261078
39, 279, 0.322877694897918
39, 280, 0.322448632585899
39, 281, 0.321973323502407
39, 282, 0.321451450182893
39, 283, 0.320882668389384
39, 284, 0.320266608065781
39, 285, 0.319602874380955
39, 286, 0.318891048860724
39, 287, 0.318130690609791
39, 288, 0.317321337624774
39, 289, 0.316462508199387
39, 290, 0.315553702422899
39, 291, 0.31459440377283
39, 292, 0.313584080802865
39, 293, 0.312522188926746
39, 294, 0.311408172298882
39, 295, 0.310241465792106
39, 296, 0.30902149707288
39, 297, 0.307747688773969
39, 298, 0.306419460764246
39, 299, 0.305036232515083
39, 300, 0.303597425562242
39, 301, 0.30210246606193
39, 302, 0.300550787439064
39, 303, 0.298941833125429
39, 304, 0.297275059384818
39, 305, 0.295549938221727
39, 306, 0.293765960369553
39, 307, 0.291922638353726
39, 308, 0.290019509624503
39, 309, 0.288056139753655
39, 310, 0.28603212568854
39, 311, 0.283947099056589
39, 312, 0.281800729512515
39, 313, 0.279592728120144
39, 314, 0.277322850760083
39, 315, 0.274990901554104
39, 316, 0.272596736296581
39, 317, 0.270140265882967
39, 318, 0.267621459724972
39, 319, 0.265040349141806
39, 320, 0.262397030716652
39, 321, 0.259691669607386
39, 322, 0.256924502800428
39, 323, 0.254095842296625
39, 324, 0.251206078218011
39, 325, 0.248255681824417
39, 326, 0.245245208428908
39, 327, 0.242175300201217
39, 328, 0.239046688848419
39, 329, 0.235860198162267
39, 330, 0.232616746422697
39, 331, 0.229317348647134
39, 332, 0.225963118675328
39, 333, 0.222555271079415
39, 334, 0.219095122888946
39, 335, 0.215584095120468
39, 336, 0.212023714101138
39, 337, 0.20841561257559
39, 338, 0.204761530584953
39, 339, 0.201063316106553
39, 340, 0.197322925442377
39, 341, 0.193542423343822
39, 342, 0.189723982859748
39, 343, 0.185869884894192
39, 344, 0.181982517459509
39, 345, 0.178064374610139
39, 346, 0.174118055041562
39, 347, 0.170146260338599
39, 348, 0.16615179285673
39, 349, 0.162137553219947
39, 350, 0.158106537418494
39, 351, 0.15406183349004
39, 352, 0.150006617768183
39, 353, 0.145944150682876
39, 354, 0.141877772098342
39, 355, 0.137810896175392
39, 356, 0.133747005746792
39, 357, 0.129689646196448
39, 358, 0.125642418835705
39, 359, 0.121608973773056
39, 360, 0.117593002276953
40, 0, 0.116209715401848
40, 1, 0.112180779042595
40, 2, 0.108178022782184
40, 3, 0.104205321293274
40, 4, 0.100266556777687
40, 5, 0.0963656085431461
40, 6, 0.0925063421172248
40, 7, 0.0886925979323388
40, 8, 0.0849281796221373
40, 9, 0.0812168419763021
40, 10, 0.0775622786073808
40, 11, 0.0739681093898106
40, 12, 0.0704378677375582
40, 13, 0.0669749877927618
40, 14, 0.0635827916032455
40, 15, 0.0602644763716959
40, 16, 0.0570231018635252
40, 17, 0.0538615780638929
40, 18, 0.0507826531768995
40, 19, 0.0477889020615514
40, 20, 0.0448827151995986
40, 21, 0.0420662882897479
40, 22, 0.0393416125609856
40, 23, 0.0367104658947629
40, 24, 0.034174404841646
40, 25, 0.0317347576126488
40, 26, 0.0293926181189568
40, 27, 0.0271488411261081
40, 28, 0.0250040385800243
40, 29, 0.0229585771526809
40, 30, 0.0210125770447533
40, 31, 0.0191659120714374
40, 32, 0.0174182110459261
40, 33, 0.0157688604629334
40, 34, 0.0142170084722937
40, 35, 0.0127615701202785
40, 36, 0.011401233823963
40, 37, 0.010134469031985
40, 38, 0.00895953501350018
40, 39, 0.00787449070623903
40, 40, 0.00687720554446587
40, 41, 0.00596537117847725
40, 42, 0.00513651398918447
40, 43, 0.00438800829442348
40, 44, 0.00371709013801389
40, 45, 0.00312087154831958
40, 46, 0.0025963551502038
40, 47, 0.00214044901284247
40, 48, 0.00174998161586211
40, 49, 0.00142171681769386
40, 50, 0.0011523687128248
40, 51, 0.00093861626872928
40, 52, 0.000777117638587397
40, 53, 0.000664524052340977
40, 54, 0.000597493196082559
40, 55, 0.000572701998093143
40, 56, 0.000586858748886319
40, 57, 0.000636714492247045
40, 58, 0.000719073634304386
40, 59, 0.000830803728004305
40, 60, 0.00096884440079321
40, 61, 0.00113021540373817
40, 62, 0.00131202377055322
40, 63, 0.00151147008493932
40, 64, 0.00172585386415964
40, 65, 0.00195257807574851
40, 66, 0.00218915281260232
40, 67, 0.00243319815934052
40, 68, 0.00268244628969294
40, 69, 0.00293474284071893
40, 70, 0.00318804761485927
40, 71, 0.00344043466515055
40, 72, 0.0036900918223877
40, 73, 0.0039353197256175
40, 74, 0.00417453041910296
40, 75, 0.00440624557985414
40, 76, 0.00462909444001063
40, 77, 0.00484181146783902
40, 78, 0.00504323386992595
40, 79, 0.0052322989753645
40, 80, 0.00540804156040537
40, 81, 0.00556959116923724
40, 82, 0.00571616948333341
40, 83, 0.00584708778820461
40, 84, 0.00596174458249648
40, 85, 0.0060596233702016
40, 86, 0.00614029067237522
40, 87, 0.00620339429018837
40, 88, 0.00624866184645301
40, 89, 0.00627589962795546
40, 90, 0.00628499174604124
40, 91, 0.00627589962795546
40, 92, 0.00624866184645301
40, 93, 0.00620339429018833
40, 94, 0.00614029067237526
40, 95, 0.00605962337020156
40, 96, 0.0059617445824965
40, 97, 0.00584708778820454
40, 98, 0.00571616948333342
40, 99, 0.00556959116923721
40, 100, 0.00540804156040534
40, 101, 0.00523229897536453
40, 102, 0.00504323386992597
40, 103, 0.00484181146783901
40, 104, 0.00462909444001056
40, 105, 0.00440624557985408
40, 106, 0.00417453041910295
40, 107, 0.00393531972561752
40, 108, 0.00369009182238774
40, 109, 0.00344043466515059
40, 110, 0.00318804761485927
40, 111, 0.00293474284071892
40, 112, 0.00268244628969292
40, 113, 0.00243319815934051
40, 114, 0.00218915281260232
40, 115, 0.0019525780757485
40, 116, 0.00172585386415961
40, 117, 0.00151147008493931
40, 118, 0.00131202377055321
40, 119, 0.00113021540373817
40, 120, 0.000968844400793187
40, 121, 0.000830803728004296
40, 122, 0.000719073634304398
40, 123, 0.000636714492247032
40, 124, 0.000586858748886302
40, 125, 0.000572701998093133
40, 126, 0.000597493196082563
40, 127, 0.000664524052340982
40, 128, 0.000777117638587415
40, 129, 0.000938616268729323
40, 130, 0.00115236871282479
40, 131, 0.00142171681769388
40, 132, 0.00174998161586207
40, 133, 0.00214044901284246
40, 134, 0.0025963551502038
40, 135, 0.00312087154831953
40, 136, 0.00371709013801388
40, 137, 0.00438800829442351
40, 138, 0.00513651398918431
40, 139, 0.00596537117847738
40, 140, 0.00687720554446586
40, 141, 0.0078744907062391
40, 142, 0.00895953501350012
40, 143, 0.010134469031985
40, 144, 0.011401233823963
40, 145, 0.0127615701202785
40, 146, 0.0142170084722938
40, 147, 0.0157688604629335
40, 148, 0.0174182110459262
40, 149, 0.0191659120714373
40, 150, 0.0210125770447533
40, 151, 0.0229585771526809
40, 152, 0.0250040385800244
40, 153, 0.0271488411261083
40, 154, 0.0293926181189571
40, 155, 0.0317347576126488
40, 156, 0.0341744048416461
40, 157, 0.036710465894763
40, 158, 0.0393416125609855
40, 159, 0.042066288289748
40, 160, 0.0448827151995985
40, 161, 0.0477889020615516
40, 162, 0.0507826531768996
40, 163, 0.0538615780638928
40, 164, 0.0570231018635252
40, 165, 0.0602644763716961
40, 166, 0.0635827916032459
40, 167, 0.0669749877927623
40, 168, 0.0704378677375583
40, 169, 0.0739681093898105
40, 170, 0.0775622786073809
40, 171, 0.0812168419763022
40, 172, 0.0849281796221371
40, 173, 0.0886925979323388
40, 174, 0.0925063421172244
40, 175, 0.096365608543146
40, 176, 0.100266556777687
40, 177, 0.104205321293274
40, 178, 0.108178022782184
40, 179, 0.112180779042594
40, 180, 0.116209715401848
40, 181, 0.120260974649503
40, 182, 0.124330726458853
40, 183, 0.128415176281368
40, 184, 0.132510573703951
40, 185, 0.136613220263856
40, 186, 0.140719476720641
40, 187, 0.144825769788526
40, 188, 0.148928598336092
40, 189, 0.153024539063233
40, 190, 0.157110251667791
40, 191, 0.1611824835164
40, 192, 0.165238073835577
40, 193, 0.169273957440303
40, 194, 0.173287168018094
40, 195, 0.177274840986969
40, 196, 0.181234215945856
40, 197, 0.1851626387358
40, 198, 0.189057563129982
40, 199, 0.192916552170032
40, 200, 0.196737279165412
40, 201, 0.200517528371948
40, 202, 0.204255195364722
40, 203, 0.207948287119786
40, 204, 0.211594921818306
40, 205, 0.215193328386025
40, 206, 0.218741845780243
40, 207, 0.222238922035889
40, 208, 0.225683113081756
40, 209, 0.229073081337592
40, 210, 0.232407594102358
40, 211, 0.235685521743861
40, 212, 0.23890583569979
40, 213, 0.242067606300194
40, 214, 0.245170000421519
40, 215, 0.248212278982447
40, 216, 0.25119379429195
40, 217, 0.254113987260217
40, 218, 0.256972384483322
40, 219, 0.259768595212786
40, 220, 0.262502308221405
40, 221, 0.265173288576872
40, 222, 0.267781374334988
40, 223, 0.270326473164309
40, 224, 0.272808558914127
40, 225, 0.275227668137738
40, 226, 0.27758389658279
40, 227, 0.27987739566041
40, 228, 0.282108368904525
40, 229, 0.284277068432532
40, 230, 0.286383791418033
40, 231, 0.288428876585919
40, 232, 0.290412700739609
40, 233, 0.292335675329621
40, 234, 0.294198243072058
40, 235, 0.296000874624958
40, 236, 0.297744065329758
40, 237, 0.299428332024418
40, 238, 0.301054209934064
40, 239, 0.302622249644292
40, 240, 0.304133014161585
40, 241, 0.30558707606461
40, 242, 0.306985014749555
40, 243, 0.308327413771975
40, 244, 0.309614858287119
40, 245, 0.310847932590119
40, 246, 0.312027217756949
40, 247, 0.313153289386636
40, 248, 0.314226715444775
40, 249, 0.3152480542081
40, 250, 0.316217852309523
40, 251, 0.317136642882851
40, 252, 0.318004943806139
40, 253, 0.318823256042511
40, 254, 0.319592062077174
40, 255, 0.320311824449206
40, 256, 0.320982984376696
40, 257, 0.321605960473831
40, 258, 0.322181147558387
40, 259, 0.32270891554831
40, 260, 0.323189608445923
40, 261, 0.323623543408516
40, 262, 0.324011009904046
40, 263, 0.324352268950793
40, 264, 0.324647552439957
40, 265, 0.324897062540208
40, 266, 0.325100971183355
40, 267, 0.325259419630399
40, 268, 0.325372518117341
40, 269, 0.325440345580234
40, 270, 0.32546294945907
40, 271, 0.325440345580234
40, 272, 0.325372518117341
40, 273, 0.325259419630399
40, 274, 0.325100971183355
40, 275, 0.324897062540209
40, 276, 0.324647552439957
40, 277, 0.324352268950792
40, 278, 0.324011009904046
40, 279, 0.323623543408516
40, 280, 0.323189608445922
40, 281, 0.322708915548309
40, 282, 0.322181147558388
40, 283, 0.321605960473831
40, 284, 0.320982984376697
40, 285, 0.320311824449207
40, 286, 0.319592062077176
40, 287, 0.318823256042511
40, 288, 0.318004943806138
40, 289, 0.317136642882852
40, 290, 0.316217852309522
40, 291, 0.315248054208099
40, 292, 0.314226715444776
40, 293, 0.313153289386636
40, 294, 0.31202721775695
40, 295, 0.31084793259012
40, 296, 0.309614858287121
40, 297, 0.308327413771975
40, 298, 0.306985014749554
40, 299, 0.30558707606461
40, 300, 0.304133014161586
40, 301, 0.302622249644291
40, 302, 0.301054209934063
40, 303, 0.299428332024418
40, 304, 0.297744065329758
40, 305, 0.296000874624957
40, 306, 0.294198243072058
40, 307, 0.292335675329622
40, 308, 0.290412700739609
40, 309, 0.288428876585918
40, 310, 0.286383791418035
40, 311, 0.284277068432532
40, 312, 0.282108368904524
40, 313, 0.279877395660409
40, 314, 0.27758389658279
40, 315, 0.275227668137737
40, 316, 0.272808558914127
40, 317, 0.270326473164309
40, 318, 0.26778137433499
40, 319, 0.265173288576872
40, 320, 0.262502308221406
40, 321, 0.259768595212787
40, 322, 0.256972384483321
40, 323, 0.254113987260218
40, 324, 0.251193794291951
40, 325, 0.248212278982447
40, 326, 0.245170000421519
40, 327, 0.242067606300193
40, 328, 0.238905835699791
40, 329, 0.235685521743862
40, 330, 0.232407594102359
40, 331, 0.229073081337593
40, 332, 0.225683113081758
40, 333, 0.22223892203589
40, 334, 0.218741845780243
40, 335, 0.215193328386026
40, 336, 0.211594921818306
40, 337, 0.207948287119787
40, 338, 0.204255195364722
40, 339, 0.200517528371947
40, 340, 0.196737279165412
40, 341, 0.192916552170032
40, 342, 0.189057563129983
40, 343, 0.1851626387358
40, 344, 0.181234215945856
40, 345, 0.177274840986969
40, 346, 0.173287168018093
40, 347, 0.169273957440303
40, 348, 0.165238073835577
40, 349, 0.1611824835164
40, 350, 0.157110251667791
40, 351, 0.153024539063233
40, 352, 0.148928598336093
40, 353, 0.144825769788526
40, 354, 0.14071947672064
40, 355, 0.136613220263857
40, 356, 0.132510573703951
40, 357, 0.128415176281369
40, 358, 0.124330726458853
40, 359, 0.120260974649503
40, 360, 0.116209715401848
41, 0, 0.114764699078865
41, 1, 0.11070744368697
41, 2, 0.106677646708728
41, 3, 0.102679286933818
41, 4, 0.0987163525572997
41, 5, 0.0947928303890444
41, 6, 0.0909126945504949
41, 7, 0.0870798946920509
41, 8, 0.0832983437717221
41, 9, 0.079571905443146
41, 10, 0.0759043811085739
41, 11, 0.0722994966998707
41, 12, 0.068760889257789
41, 13, 0.0652920933866615
41, 14, 0.0618965276680636
41, 15, 0.0585774811228216
41, 16, 0.0553380998157704
41, 17, 0.0521813737018956
41, 18, 0.0491101238156925
41, 19, 0.0461269899076977
41, 20, 0.04323441863309
41, 21, 0.040434652396933
41, 22, 0.0377297189589877
41, 23, 0.0351214218980182
41, 24, 0.0326113320311427
41, 25, 0.0302007798780396
41, 26, 0.0278908492527409
41, 27, 0.0256823720573952
41, 28, 0.0235759243428314
41, 29, 0.021571823690115
41, 30, 0.0196701279556742
41, 31, 0.0178706354101475
41, 32, 0.01617288628801
41, 33, 0.014576165751476
41, 34, 0.0130795082583121
41, 35, 0.0116817033092579
41, 36, 0.0103813025369172
41, 37, 0.00917662808448074
41, 38, 0.00806578220964334
41, 39, 0.00704665803682183
41, 40, 0.00611695136939555
41, 41, 0.00527417346340533
41, 42, 0.00451566465505889
41, 43, 0.00383860872667698
41, 44, 0.00324004788945077
41, 45, 0.00271689825667162
41, 46, 0.00226596567798723
41, 47, 0.00188396180376464
41, 48, 0.00156752024880609
41, 49, 0.00131321272643812
41, 50, 0.0011175650273343
41, 51, 0.000977072722247913
41, 52, 0.000888216474040984
41, 53, 0.000847476851860274
41, 54, 0.000851348548907776
41, 55, 0.000896353914816891
41, 56, 0.000979055724018272
41, 57, 0.00109606911248479
41, 58, 0.00124407262670442
41, 59, 0.00141981834046832
41, 60, 0.001620141006895
41, 61, 0.00184196622487881
41, 62, 0.00208231761067833
41, 63, 0.00233832297650671
41, 64, 0.00260721952860802
41, 65, 0.00288635810727816
41, 66, 0.00317320650051758
41, 67, 0.00346535187139065
41, 68, 0.00376050234665278
41, 69, 0.00405648782073215
41, 70, 0.00435126003470141
41, 71, 0.00464289199441386
41, 72, 0.00492957679553441
41, 73, 0.00520962592576146
41, 74, 0.00548146711617047
41, 75, 0.00574364181433579
41, 76, 0.00599480235177154
41, 77, 0.00623370887732947
41, 78, 0.00645922612657731
41, 79, 0.00667032009491302
41, 80, 0.00686605467933476
41, 81, 0.00704558835044443
41, 82, 0.00720817091248932
41, 83, 0.00735314040510921
41, 84, 0.00747992019600739
41, 85, 0.00758801630907779
41, 86, 0.0076770150276218
41, 87, 0.00774658080724744
41, 88, 0.0077964545278748
41, 89, 0.00782645210901899
41, 90, 0.0078364635072063
41, 91, 0.00782645210901898
41, 92, 0.00779645452787486
41, 93, 0.00774658080724751
41, 94, 0.00767701502762179
41, 95, 0.00758801630907782
41, 96, 0.00747992019600739
41, 97, 0.00735314040510916
41, 98, 0.00720817091248928
41, 99, 0.00704558835044437
41, 100, 0.00686605467933473
41, 101, 0.006670320094913
41, 102, 0.00645922612657729
41, 103, 0.0062337088773294
41, 104, 0.00599480235177156
41, 105, 0.00574364181433576
41, 106, 0.0054814671161705
41, 107, 0.00520962592576146
41, 108, 0.00492957679553445
41, 109, 0.00464289199441385
41, 110, 0.0043512600347014
41, 111, 0.00405648782073215
41, 112, 0.00376050234665279
41, 113, 0.00346535187139063
41, 114, 0.00317320650051754
41, 115, 0.00288635810727813
41, 116, 0.002607219528608
41, 117, 0.00233832297650665
41, 118, 0.00208231761067833
41, 119, 0.00184196622487883
41, 120, 0.00162014100689499
41, 121, 0.00141981834046829
41, 122, 0.00124407262670441
41, 123, 0.00109606911248478
41, 124, 0.000979055724018295
41, 125, 0.000896353914816898
41, 126, 0.000851348548907791
41, 127, 0.000847476851860246
41, 128, 0.000888216474040962
41, 129, 0.000977072722247883
41, 130, 0.00111756502733431
41, 131, 0.00131321272643814
41, 132, 0.00156752024880604
41, 133, 0.00188396180376459
41, 134, 0.00226596567798718
41, 135, 0.00271689825667164
41, 136, 0.00324004788945078
41, 137, 0.00383860872667692
41, 138, 0.00451566465505891
41, 139, 0.00527417346340528
41, 140, 0.0061169513693955
41, 141, 0.00704665803682178
41, 142, 0.00806578220964341
41, 143, 0.00917662808448072
41, 144, 0.0103813025369172
41, 145, 0.0116817033092578
41, 146, 0.0130795082583123
41, 147, 0.014576165751476
41, 148, 0.01617288628801
41, 149, 0.0178706354101475
41, 150, 0.0196701279556741
41, 151, 0.021571823690115
41, 152, 0.0235759243428314
41, 153, 0.0256823720573952
41, 154, 0.0278908492527411
41, 155, 0.0302007798780395
41, 156, 0.0326113320311426
41, 157, 0.0351214218980182
41, 158, 0.0377297189589879
41, 159, 0.0404346523969331
41, 160, 0.0432344186330899
41, 161, 0.0461269899076976
41, 162, 0.0491101238156926
41, 163, 0.0521813737018957
41, 164, 0.0553380998157703
41, 165, 0.0585774811228219
41, 166, 0.0618965276680638
41, 167, 0.0652920933866613
41, 168, 0.0687608892577889
41, 169, 0.0722994966998708
41, 170, 0.075904381108574
41, 171, 0.079571905443146
41, 172, 0.0832983437717221
41, 173, 0.0870798946920508
41, 174, 0.0909126945504948
41, 175, 0.0947928303890442
41, 176, 0.0987163525572995
41, 177, 0.102679286933819
41, 178, 0.106677646708729
41, 179, 0.110707443686969
41, 180, 0.114764699078865
41, 181, 0.118845453751779
41, 182, 0.122945777923353
41, 183, 0.127061780283141
41, 184, 0.131189616535303
41, 185, 0.135325497360336
41, 186, 0.139465695798572
41, 187, 0.143606554062414
41, 188, 0.147744489787772
41, 189, 0.151876001738292
41, 190, 0.155997674978324
41, 191, 0.16010618553249
41, 192, 0.164198304551143
41, 193, 0.168270902001839
41, 194, 0.172320949907476
41, 195, 0.176345525151855
41, 196, 0.180341811873169
41, 197, 0.184307103465452
41, 198, 0.188238804207309
41, 199, 0.192134430536387
41, 200, 0.195991611987031
41, 201, 0.199808091807585
41, 202, 0.203581727272654
41, 203, 0.207310489704683
41, 204, 0.210992464218158
41, 205, 0.214625849198865
41, 206, 0.21820895552982
41, 207, 0.221740205574824
41, 208, 0.22521813193004
41, 209, 0.228641375953597
41, 210, 0.232008686082926
41, 211, 0.235318915949438
41, 212, 0.238571022300145
41, 213, 0.241764062735856
41, 214, 0.244897193275898
41, 215, 0.247969665759463
41, 216, 0.250980825094116
41, 217, 0.253930106362309
41, 218, 0.256817031797161
41, 219, 0.259641207639136
41, 220, 0.26240232088565
41, 221, 0.265100135945876
41, 222, 0.267734491213408
41, 223, 0.2703052955695
41, 224, 0.272812524829828
41, 225, 0.275256218147671
41, 226, 0.277636474386357
41, 227, 0.279953448473673
41, 228, 0.282207347750628
41, 229, 0.28439842832663
41, 230, 0.286526991452647
41, 231, 0.28859337992343
41, 232, 0.290597974519217
41, 233, 0.292541190496672
41, 234, 0.294423474138105
41, 235, 0.296245299367204
41, 236, 0.298007164438748
41, 237, 0.299709588708909
41, 238, 0.301353109491982
41, 239, 0.302938279008507
41, 240, 0.304465661429001
41, 241, 0.305935830016718
41, 242, 0.307349364372134
41, 243, 0.308706847781172
41, 244, 0.310008864668532
41, 245, 0.311255998156928
41, 246, 0.312448827732491
41, 247, 0.313587927016126
41, 248, 0.314673861640266
41, 249, 0.315707187230022
41, 250, 0.316688447487558
41, 251, 0.317618172378174
41, 252, 0.318496876416513
41, 253, 0.319325057051098
41, 254, 0.320103193145386
41, 255, 0.320831743553405
41, 256, 0.321511145788124
41, 257, 0.322141814780684
41, 258, 0.322724141728622
41, 259, 0.323258493031406
41, 260, 0.323745209311587
41, 261, 0.324184604519995
41, 262, 0.324576965123582
41, 263, 0.324922549374561
41, 264, 0.325221586659643
41, 265, 0.32547427692832
41, 266, 0.325680790199251
41, 267, 0.325841266143943
41, 268, 0.325955813747035
41, 269, 0.326024511042656
41, 270, 0.326047404926403
41, 271, 0.326024511042656
41, 272, 0.325955813747036
41, 273, 0.325841266143942
41, 274, 0.325680790199252
41, 275, 0.32547427692832
41, 276, 0.325221586659643
41, 277, 0.324922549374562
41, 278, 0.324576965123582
41, 279, 0.324184604519994
41, 280, 0.323745209311586
41, 281, 0.323258493031407
41, 282, 0.322724141728621
41, 283, 0.322141814780684
41, 284, 0.321511145788127
41, 285, 0.320831743553405
41, 286, 0.320103193145387
41, 287, 0.319325057051099
41, 288, 0.318496876416514
41, 289, 0.317618172378173
41, 290, 0.31668844748756
41, 291, 0.315707187230024
41, 292, 0.314673861640265
41, 293, 0.313587927016126
41, 294, 0.312448827732491
41, 295, 0.311255998156928
41, 296, 0.310008864668531
41, 297, 0.308706847781173
41, 298, 0.307349364372135
41, 299, 0.305935830016719
41, 300, 0.304465661429001
41, 301, 0.302938279008506
41, 302, 0.301353109491981
41, 303, 0.299709588708909
41, 304, 0.29800716443875
41, 305, 0.296245299367204
41, 306, 0.294423474138106
41, 307, 0.292541190496673
41, 308, 0.290597974519217
41, 309, 0.288593379923432
41, 310, 0.286526991452646
41, 311, 0.28439842832663
41, 312, 0.282207347750629
41, 313, 0.279953448473673
41, 314, 0.277636474386357
41, 315, 0.275256218147671
41, 316, 0.272812524829829
41, 317, 0.270305295569499
41, 318, 0.267734491213407
41, 319, 0.265100135945876
41, 320, 0.26240232088565
41, 321, 0.259641207639137
41, 322, 0.256817031797161
41, 323, 0.253930106362309
41, 324, 0.250980825094115
41, 325, 0.247969665759462
41, 326, 0.244897193275898
41, 327, 0.241764062735857
41, 328, 0.238571022300145
41, 329, 0.235318915949439
41, 330, 0.232008686082926
41, 331, 0.228641375953598
41, 332, 0.22521813193004
41, 333, 0.221740205574823
41, 334, 0.21820895552982
41, 335, 0.214625849198866
41, 336, 0.210992464218159
41, 337, 0.207310489704683
41, 338, 0.203581727272653
41, 339, 0.199808091807585
41, 340, 0.195991611987031
41, 341, 0.192134430536387
41, 342, 0.18823880420731
41, 343, 0.184307103465452
41, 344, 0.180341811873169
41, 345, 0.176345525151856
41, 346, 0.172320949907476
41, 347, 0.168270902001839
41, 348, 0.164198304551144
41, 349, 0.16010618553249
41, 350, 0.155997674978324
41, 351, 0.151876001738292
41, 352, 0.147744489787772
41, 353, 0.143606554062414
41, 354, 0.139465695798573
41, 355, 0.135325497360335
41, 356, 0.131189616535304
41, 357, 0.12706178028314
41, 358, 0.122945777923353
41, 359, 0.11884545375178
41, 360, 0.114764699078866
42, 0, 0.113257796958261
42, 1, 0.10917816188574
42, 2, 0.105127309869419
42, 3, 0.101109316625633
42, 4, 0.0971282691472872
42, 5, 0.0931882545769154
42, 6, 0.0892933485151413
42, 7, 0.0854476027968096
42, 8, 0.0816550327752002
42, 9, 0.0779196041630945
42, 10, 0.0742452194879092
42, 11, 0.0706357042265621
42, 12, 0.0670947926939635
42, 13, 0.0636261137669543
42, 14, 0.0602331765329408
42, 15, 0.0569193559592799
42, 16, 0.0536878786854519
42, 17, 0.0505418090451412
42, 18, 0.047484035429285
42, 19, 0.0445172571039607
42, 20, 0.0416439715983897
42, 21, 0.0388664627783851
42, 22, 0.0361867897191124
42, 23, 0.0336067764880342
42, 24, 0.0311280029443516
42, 25, 0.0287517966551578
42, 26, 0.026479226020866
42, 27, 0.0243110946933872
42, 28, 0.0222479373600443
42, 29, 0.0202900169544769
42, 30, 0.0184373233429253
42, 31, 0.0166895735204665
42, 32, 0.0150462133371952
42, 33, 0.0135064207591795
42, 34, 0.0120691106535337
42, 35, 0.0107329410713193
42, 36, 0.0094963209864874
42, 37, 0.00835741943391611
42, 38, 0.00731417597501637
42, 39, 0.00636431240561811
42, 40, 0.00550534560808757
42, 41, 0.00473460143808954
42, 42, 0.00404922952625596
42, 43, 0.00344621886640859
42, 44, 0.00292241405503304
42, 45, 0.00247453204151384
42, 46, 0.00209917924527488
42, 47, 0.00179286889446311
42, 48, 0.00155203844116643
42, 49, 0.00137306691034047
42, 50, 0.0012522920435673
42, 51, 0.00118602710439967
42, 52, 0.00117057721923058
42, 53, 0.00120225513624223
42, 54, 0.0012773962948514
42, 55, 0.00139237310902098
42, 56, 0.00154360837964267
42, 57, 0.0017275877637214
42, 58, 0.00194087124109858
42, 59, 0.00218010353273565
42, 60, 0.00244202343793392
42, 61, 0.0027234720711016
42, 62, 0.0030213999916017
42, 63, 0.0033328732326593
42, 64, 0.00365507824711701
42, 65, 0.00398532579886395
42, 66, 0.00432105383891219
42, 67, 0.00465982941426304
42, 68, 0.00499934966581501
42, 69, 0.0053374419785701
42, 70, 0.00567206335326545
42, 71, 0.00600129907328365
42, 72, 0.00632336074428893
42, 73, 0.0066365837865273
42, 74, 0.00693942446116043
42, 75, 0.00723045651243461
42, 76, 0.00750836750698112
42, 77, 0.00777195495018707
42, 78, 0.00802012225744165
42, 79, 0.00825187465524142
42, 80, 0.00846631508371295
42, 81, 0.00866264016817408
42, 82, 0.00884013632297145
42, 83, 0.00899817604610377
42, 84, 0.00913621445810958
42, 85, 0.00925378613344876
42, 86, 0.00935050226718569
42, 87, 0.00942604821422763
42, 88, 0.00948018143273856
42, 89, 0.0095127298576475
42, 90, 0.00952359072443796
42, 91, 0.00951272985764748
42, 92, 0.00948018143273855
42, 93, 0.00942604821422758
42, 94, 0.00935050226718567
42, 95, 0.00925378613344874
42, 96, 0.00913621445810965
42, 97, 0.00899817604610382
42, 98, 0.00884013632297144
42, 99, 0.00866264016817403
42, 100, 0.00846631508371297
42, 101, 0.00825187465524146
42, 102, 0.00802012225744173
42, 103, 0.00777195495018711
42, 104, 0.00750836750698107
42, 105, 0.00723045651243464
42, 106, 0.00693942446116041
42, 107, 0.00663658378652726
42, 108, 0.00632336074428892
42, 109, 0.00600129907328366
42, 110, 0.00567206335326539
42, 111, 0.00533744197857008
42, 112, 0.00499934966581498
42, 113, 0.00465982941426301
42, 114, 0.00432105383891215
42, 115, 0.00398532579886395
42, 116, 0.00365507824711703
42, 117, 0.00333287323265927
42, 118, 0.0030213999916017
42, 119, 0.00272347207110162
42, 120, 0.00244202343793389
42, 121, 0.00218010353273563
42, 122, 0.00194087124109861
42, 123, 0.00172758776372139
42, 124, 0.00154360837964264
42, 125, 0.00139237310902095
42, 126, 0.00127739629485142
42, 127, 0.00120225513624226
42, 128, 0.00117057721923054
42, 129, 0.00118602710439962
42, 130, 0.0012522920435673
42, 131, 0.00137306691034044
42, 132, 0.00155203844116647
42, 133, 0.00179286889446313
42, 134, 0.00209917924527491
42, 135, 0.00247453204151378
42, 136, 0.00292241405503304
42, 137, 0.00344621886640859
42, 138, 0.00404922952625594
42, 139, 0.0047346014380896
42, 140, 0.00550534560808759
42, 141, 0.00636431240561806
42, 142, 0.00731417597501637
42, 143, 0.00835741943391612
42, 144, 0.00949632098648747
42, 145, 0.0107329410713192
42, 146, 0.0120691106535338
42, 147, 0.0135064207591796
42, 148, 0.0150462133371952
42, 149, 0.0166895735204664
42, 150, 0.0184373233429253
42, 151, 0.0202900169544769
42, 152, 0.0222479373600442
42, 153, 0.0243110946933872
42, 154, 0.0264792260208662
42, 155, 0.0287517966551579
42, 156, 0.0311280029443516
42, 157, 0.0336067764880342
42, 158, 0.0361867897191125
42, 159, 0.0388664627783852
42, 160, 0.0416439715983898
42, 161, 0.0445172571039608
42, 162, 0.047484035429285
42, 163, 0.0505418090451411
42, 164, 0.0536878786854521
42, 165, 0.0569193559592797
42, 166, 0.0602331765329408
42, 167, 0.0636261137669544
42, 168, 0.0670947926939636
42, 169, 0.0706357042265619
42, 170, 0.0742452194879095
42, 171, 0.0779196041630944
42, 172, 0.0816550327752003
42, 173, 0.0854476027968094
42, 174, 0.0892933485151414
42, 175, 0.093188254576915
42, 176, 0.0971282691472871
42, 177, 0.101109316625633
42, 178, 0.105127309869419
42, 179, 0.10917816188574
42, 180, 0.113257796958261
42, 181, 0.11736216118509
42, 182, 0.12148723241046
42, 183, 0.125629029539977
42, 184, 0.129783621235443
42, 185, 0.133947133990913
42, 186, 0.138115759596625
42, 187, 0.14228576200176
42, 188, 0.14645348359058
42, 189, 0.150615350889451
42, 190, 0.154767879724571
42, 191, 0.15890767985187
42, 192, 0.163031459081688
42, 193, 0.167136026921394
42, 194, 0.171218297759254
42, 195, 0.175275293612561
42, 196, 0.179304146462435
42, 197, 0.183302100196769
42, 198, 0.187266512181773
42, 199, 0.19119485448121
42, 200, 0.195084714741206
42, 201, 0.198933796757063
42, 202, 0.202739920737176
42, 203, 0.206501023277935
42, 204, 0.210215157062222
42, 205, 0.213880490293106
42, 206, 0.21749530587348
42, 207, 0.221058000341577
42, 208, 0.224567082571805
42, 209, 0.228021172249976
42, 210, 0.231418998131787
42, 211, 0.234759396093407
42, 212, 0.23804130698314
42, 213, 0.241263774283407
42, 214, 0.244425941592687
42, 215, 0.247527049937447
42, 216, 0.250566434924736
42, 217, 0.253543523746565
42, 218, 0.256457832047861
42, 219, 0.259308960670258
42, 220, 0.262096592284593
42, 221, 0.264820487925353
42, 222, 0.267480483440749
42, 223, 0.270076485872351
42, 224, 0.272608469778363
42, 225, 0.275076473514764
42, 226, 0.277480595488324
42, 227, 0.279820990395444
42, 228, 0.282097865460381
42, 229, 0.284311476685981
42, 230, 0.286462125129509
42, 231, 0.288550153215519
42, 232, 0.29057594109693
42, 233, 0.292539903074703
42, 234, 0.294442484085594
42, 235, 0.296284156266565
42, 236, 0.298065415603468
42, 237, 0.299786778670643
42, 238, 0.301448779467123
42, 239, 0.303051966354211
42, 240, 0.304596899098207
42, 241, 0.306084146021255
42, 242, 0.307514281262441
42, 243, 0.30888788215046
42, 244, 0.310205526688542
42, 245, 0.311467791151617
42, 246, 0.312675247795243
42, 247, 0.313828462675223
42, 248, 0.31492799357651
42, 249, 0.315974388049689
42, 250, 0.316968181552928
42, 251, 0.317909895697281
42, 252, 0.318800036592899
42, 253, 0.319639093293799
42, 254, 0.320427536338661
42, 255, 0.321165816385235
42, 256, 0.32185436293596
42, 257, 0.322493583152448
42, 258, 0.323083860756643
42, 259, 0.323625555016565
42, 260, 0.324118999814692
42, 261, 0.324564502797164
42, 262, 0.324962344602227
42, 263, 0.325312778166369
42, 264, 0.325616028106897
42, 265, 0.325872290179745
42, 266, 0.326081730811555
42, 267, 0.326244486705132
42, 268, 0.326360664517586
42, 269, 0.32643034061059
42, 270, 0.32645356087229
42, 271, 0.326430340610589
42, 272, 0.326360664517586
42, 273, 0.326244486705131
42, 274, 0.326081730811556
42, 275, 0.325872290179745
42, 276, 0.325616028106896
42, 277, 0.32531277816637
42, 278, 0.324962344602228
42, 279, 0.324564502797164
42, 280, 0.324118999814691
42, 281, 0.323625555016564
42, 282, 0.323083860756642
42, 283, 0.322493583152448
42, 284, 0.321854362935961
42, 285, 0.321165816385237
42, 286, 0.32042753633866
42, 287, 0.319639093293798
42, 288, 0.318800036592899
42, 289, 0.31790989569728
42, 290, 0.316968181552928
42, 291, 0.315974388049689
42, 292, 0.31492799357651
42, 293, 0.31382846267522
42, 294, 0.312675247795244
42, 295, 0.311467791151619
42, 296, 0.310205526688541
42, 297, 0.308887882150461
42, 298, 0.307514281262443
42, 299, 0.306084146021256
42, 300, 0.304596899098205
42, 301, 0.303051966354211
42, 302, 0.301448779467121
42, 303, 0.299786778670643
42, 304, 0.298065415603468
42, 305, 0.296284156266566
42, 306, 0.294442484085593
42, 307, 0.292539903074701
42, 308, 0.29057594109693
42, 309, 0.288550153215519
42, 310, 0.286462125129509
42, 311, 0.28431147668598
42, 312, 0.282097865460383
42, 313, 0.279820990395444
42, 314, 0.277480595488325
42, 315, 0.275076473514766
42, 316, 0.272608469778363
42, 317, 0.27007648587235
42, 318, 0.26748048344075
42, 319, 0.264820487925352
42, 320, 0.262096592284593
42, 321, 0.259308960670258
42, 322, 0.256457832047861
42, 323, 0.253543523746566
42, 324, 0.250566434924736
42, 325, 0.247527049937447
42, 326, 0.244425941592687
42, 327, 0.241263774283408
42, 328, 0.23804130698314
42, 329, 0.234759396093407
42, 330, 0.231418998131789
42, 331, 0.228021172249976
42, 332, 0.224567082571805
42, 333, 0.221058000341578
42, 334, 0.217495305873481
42, 335, 0.213880490293106
42, 336, 0.210215157062221
42, 337, 0.206501023277935
42, 338, 0.202739920737176
42, 339, 0.198933796757063
42, 340, 0.195084714741207
42, 341, 0.19119485448121
42, 342, 0.187266512181773
42, 343, 0.183302100196769
42, 344, 0.179304146462434
42, 345, 0.175275293612561
42, 346, 0.171218297759253
42, 347, 0.167136026921394
42, 348, 0.163031459081688
42, 349, 0.15890767985187
42, 350, 0.15476787972457
42, 351, 0.150615350889451
42, 352, 0.14645348359058
42, 353, 0.142285762001759
42, 354, 0.138115759596625
42, 355, 0.133947133990913
42, 356, 0.129783621235443
42, 357, 0.125629029539978
42, 358, 0.12148723241046
42, 359, 0.117362161185091
42, 360, 0.113257796958261
43, 0, 0.11168916904993
43, 1, 0.107593168177147
43, 2, 0.103527322574253
43, 3, 0.0994957971818224
43, 4, 0.0955027700498485
43, 5, 0.0915524209089081
43, 6, 0.0876489191231256
43, 7, 0.0837964110555973
43, 8, 0.0799990068859061
43, 9, 0.0762607669286572
43, 10, 0.0725856875114686
43, 11, 0.0689776864803227
43, 12, 0.06544058840957
43, 13, 0.0619781096029336
43, 14, 0.0585938429804039
43, 15, 0.0552912429538369
43, 16, 0.0520736104011058
43, 17, 0.0489440778546795
43, 18, 0.0459055950253694
43, 19, 0.0429609147854759
43, 20, 0.0401125797376268
43, 21, 0.0373629094960562
43, 22, 0.0347139888058765
43, 23, 0.0321676566229469
43, 24, 0.0297254962722567
43, 25, 0.0273888267962593
43, 26, 0.0251586955963968
43, 27, 0.0230358724611754
43, 28, 0.0210208450626929
43, 29, 0.0191138159906223
43, 30, 0.017314701378452
43, 31, 0.0156231311614774
43, 32, 0.0140384509898506
43, 33, 0.012559725803117
43, 34, 0.0111857450553912
43, 35, 0.00991502956288254
43, 36, 0.00874583992815974
43, 37, 0.00767618647857566
43, 38, 0.00670384063999116
43, 39, 0.00582634765150998
43, 40, 0.00504104051269538
43, 41, 0.00434505504183634
43, 42, 0.00373534591251224
43, 43, 0.00320870352612981
43, 44, 0.00276177157040125
43, 45, 0.00239106510804006
43, 46, 0.00209298903631102
43, 47, 0.00186385675654593
43, 48, 0.00169990889330706
43, 49, 0.00159733190552564
43, 50, 0.00155227643658139
43, 51, 0.00156087525681383
43, 52, 0.00161926066024314
43, 53, 0.0017235811871487
43, 54, 0.00187001755542999
43, 55, 0.0020547976961486
43, 56, 0.00227421080209856
43, 57, 0.00252462031244283
43, 58, 0.00280247577115766
43, 59, 0.00310432351199305
43, 60, 0.0034268161376727
43, 61, 0.00376672077587556
43, 62, 0.00412092610897643
43, 63, 0.00448644818835875
43, 64, 0.00486043505719001
43, 65, 0.00524017021771133
43, 66, 0.00562307499020555
43, 67, 0.00600670982077887
43, 68, 0.00638877460383417
43, 69, 0.00676710809258128
43, 70, 0.00713968647710018
43, 71, 0.00750462121433528
43, 72, 0.00786015619798182
43, 73, 0.00820466435856809
43, 74, 0.00853664378519367
43, 75, 0.00885471346043222
43, 76, 0.00915760869893303
43, 77, 0.00944417637834845
43, 78, 0.00971337004847869
43, 79, 0.00996424500106143
43, 80, 0.0101959533785462
43, 81, 0.0104077393955802
43, 82, 0.0105989347418882
43, 83, 0.0107689542298451
43, 84, 0.0109172917443928
43, 85, 0.0110435165471102
43, 86, 0.0111472699802724
43, 87, 0.0112282626106761
43, 88, 0.0112862718468962
43, 89, 0.011321140057511
43, 90, 0.0113327732117031
43, 91, 0.0113211400575111
43, 92, 0.0112862718468962
43, 93, 0.0112282626106762
43, 94, 0.0111472699802724
43, 95, 0.0110435165471102
43, 96, 0.0109172917443929
43, 97, 0.0107689542298451
43, 98, 0.0105989347418882
43, 99, 0.0104077393955802
43, 100, 0.0101959533785462
43, 101, 0.00996424500106149
43, 102, 0.00971337004847879
43, 103, 0.00944417637834847
43, 104, 0.00915760869893303
43, 105, 0.00885471346043219
43, 106, 0.00853664378519368
43, 107, 0.00820466435856813
43, 108, 0.0078601561979818
43, 109, 0.00750462121433535
43, 110, 0.00713968647710021
43, 111, 0.00676710809258125
43, 112, 0.00638877460383418
43, 113, 0.00600670982077882
43, 114, 0.00562307499020554
43, 115, 0.00524017021771134
43, 116, 0.00486043505718997
43, 117, 0.00448644818835873
43, 118, 0.00412092610897643
43, 119, 0.00376672077587557
43, 120, 0.0034268161376727
43, 121, 0.00310432351199307
43, 122, 0.00280247577115763
43, 123, 0.00252462031244283
43, 124, 0.00227421080209851
43, 125, 0.00205479769614859
43, 126, 0.00187001755542999
43, 127, 0.00172358118714872
43, 128, 0.0016192606602432
43, 129, 0.00156087525681381
43, 130, 0.00155227643658138
43, 131, 0.00159733190552566
43, 132, 0.001699908893307
43, 133, 0.00186385675654592
43, 134, 0.00209298903631098
43, 135, 0.00239106510804001
43, 136, 0.00276177157040128
43, 137, 0.0032087035261298
43, 138, 0.00373534591251229
43, 139, 0.00434505504183631
43, 140, 0.00504104051269551
43, 141, 0.00582634765150991
43, 142, 0.00670384063999114
43, 143, 0.00767618647857546
43, 144, 0.00874583992815972
43, 145, 0.00991502956288276
43, 146, 0.0111857450553912
43, 147, 0.0125597258031172
43, 148, 0.0140384509898506
43, 149, 0.0156231311614773
43, 150, 0.0173147013784522
43, 151, 0.0191138159906226
43, 152, 0.0210208450626925
43, 153, 0.0230358724611754
43, 154, 0.0251586955963969
43, 155, 0.0273888267962592
43, 156, 0.0297254962722562
43, 157, 0.0321676566229468
43, 158, 0.0347139888058765
43, 159, 0.0373629094960563
43, 160, 0.0401125797376263
43, 161, 0.0429609147854758
43, 162, 0.0459055950253693
43, 163, 0.0489440778546794
43, 164, 0.0520736104011056
43, 165, 0.0552912429538372
43, 166, 0.0585938429804037
43, 167, 0.0619781096029332
43, 168, 0.0654405884095701
43, 169, 0.0689776864803225
43, 170, 0.0725856875114687
43, 171, 0.0762607669286569
43, 172, 0.0799990068859055
43, 173, 0.0837964110555973
43, 174, 0.0876489191231254
43, 175, 0.0915524209089083
43, 176, 0.0955027700498489
43, 177, 0.0994957971818221
43, 178, 0.103527322574253
43, 179, 0.107593168177148
43, 180, 0.11168916904993
43, 181, 0.115811184149993
43, 182, 0.119955106466873
43, 183, 0.12411687249535
43, 184, 0.128292471047437
43, 185, 0.132477951409198
43, 186, 0.136669430853437
43, 187, 0.140863101523724
43, 188, 0.145055236708756
43, 189, 0.149242196528903
43, 190, 0.153420433058819
43, 191, 0.157586494911451
43, 192, 0.161737031309439
43, 193, 0.165868795670196
43, 194, 0.169978648730526
43, 195, 0.174063561236014
43, 196, 0.178120616219213
43, 197, 0.182147010889428
43, 198, 0.186140058155228
43, 199, 0.190097187799235
43, 200, 0.194015947322971
43, 201, 0.197894002477854
43, 202, 0.201729137496789
43, 203, 0.205519255039263
43, 204, 0.209262375861512
43, 205, 0.212956638222094
43, 206, 0.216600297032306
43, 207, 0.220191722760062
43, 208, 0.223729400095367
43, 209, 0.227211926385268
43, 210, 0.230638009846034
43, 211, 0.234006467560487
43, 212, 0.237316223268769
43, 213, 0.240566304961239
43, 214, 0.243755842282843
43, 215, 0.246884063759022
43, 216, 0.249950293853959
43, 217, 0.25295394987281
43, 218, 0.255894538720279
43, 219, 0.258771653528805
43, 220, 0.261584970170184
43, 221, 0.26433424366515
43, 222, 0.267019304505921
43, 223, 0.269640054907072
43, 224, 0.272196465000355
43, 225, 0.27468856898914
43, 226, 0.277116461278064
43, 227, 0.27948029259327
43, 228, 0.281780266108178
43, 229, 0.28401663358921
43, 230, 0.28618969157524
43, 231, 0.288299777603654
43, 232, 0.290347266495121
43, 233, 0.292332566708076
43, 234, 0.29425611677291
43, 235, 0.29611838181474
43, 236, 0.2979198501725
43, 237, 0.299661030120943
43, 238, 0.301342446701017
43, 239, 0.30296463866297
43, 240, 0.30452815552547
43, 241, 0.306033554753073
43, 242, 0.307481399053337
43, 243, 0.308872253794154
43, 244, 0.310206684540992
43, 245, 0.311485254713132
43, 246, 0.312708523357392
43, 247, 0.313877043037273
43, 248, 0.314991357835183
43, 249, 0.316052001464951
43, 250, 0.317059495491717
43, 251, 0.318014347656092
43, 252, 0.31891705029937
43, 253, 0.319768078886644
43, 254, 0.320567890624608
43, 255, 0.321316923171008
43, 256, 0.322015593432775
43, 257, 0.322664296450004
43, 258, 0.323263404363226
43, 259, 0.323813265461465
43, 260, 0.324314203308901
43, 261, 0.324766515948122
43, 262, 0.325170475178119
43, 263, 0.325526325905463
43, 264, 0.325834285567223
43, 265, 0.326094543624429
43, 266, 0.326307261125042
43, 267, 0.326472570335546
43, 268, 0.326590574440453
43, 269, 0.326661347309152
43, 270, 0.326684933329694
43, 271, 0.326661347309152
43, 272, 0.326590574440451
43, 273, 0.326472570335547
43, 274, 0.326307261125043
43, 275, 0.326094543624429
43, 276, 0.325834285567223
43, 277, 0.325526325905465
43, 278, 0.32517047517812
43, 279, 0.324766515948122
43, 280, 0.324314203308899
43, 281, 0.323813265461464
43, 282, 0.323263404363226
43, 283, 0.322664296450005
43, 284, 0.322015593432774
43, 285, 0.321316923171009
43, 286, 0.320567890624606
43, 287, 0.319768078886642
43, 288, 0.318917050299369
43, 289, 0.318014347656092
43, 290, 0.317059495491716
43, 291, 0.316052001464951
43, 292, 0.314991357835182
43, 293, 0.313877043037274
43, 294, 0.312708523357392
43, 295, 0.311485254713133
43, 296, 0.310206684540991
43, 297, 0.308872253794155
43, 298, 0.307481399053337
43, 299, 0.306033554753072
43, 300, 0.30452815552547
43, 301, 0.302964638662968
43, 302, 0.301342446701018
43, 303, 0.299661030120943
43, 304, 0.297919850172499
43, 305, 0.296118381814739
43, 306, 0.294256116772909
43, 307, 0.292332566708076
43, 308, 0.29034726649512
43, 309, 0.288299777603655
43, 310, 0.28618969157524
43, 311, 0.28401663358921
43, 312, 0.281780266108177
43, 313, 0.279480292593269
43, 314, 0.277116461278065
43, 315, 0.274688568989141
43, 316, 0.272196465000356
43, 317, 0.269640054907073
43, 318, 0.267019304505921
43, 319, 0.26433424366515
43, 320, 0.261584970170185
43, 321, 0.258771653528805
43, 322, 0.255894538720279
43, 323, 0.25295394987281
43, 324, 0.249950293853961
43, 325, 0.24688406375902
43, 326, 0.243755842282842
43, 327, 0.24056630496124
43, 328, 0.237316223268771
43, 329, 0.234006467560486
43, 330, 0.230638009846035
43, 331, 0.227211926385269
43, 332, 0.223729400095366
43, 333, 0.220191722760061
43, 334, 0.216600297032306
43, 335, 0.212956638222093
43, 336, 0.209262375861512
43, 337, 0.205519255039264
43, 338, 0.201729137496789
43, 339, 0.197894002477853
43, 340, 0.194015947322971
43, 341, 0.190097187799235
43, 342, 0.186140058155228
43, 343, 0.182147010889428
43, 344, 0.178120616219214
43, 345, 0.174063561236014
43, 346, 0.169978648730527
43, 347, 0.165868795670194
43, 348, 0.161737031309439
43, 349, 0.15758649491145
43, 350, 0.15342043305882
43, 351, 0.149242196528902
43, 352, 0.145055236708756
43, 353, 0.140863101523725
43, 354, 0.136669430853438
43, 355, 0.132477951409198
43, 356, 0.128292471047437
43, 357, 0.124116872495349
43, 358, 0.119955106466873
43, 359, 0.115811184149993
43, 360, 0.11168916904993
44, 0, 0.110059311827708
44, 1, 0.105953011249386
44, 2, 0.101878286534321
44, 3, 0.0978393836973862
44, 4, 0.0938405636212418
44, 5, 0.0898860903633659
44, 6, 0.0859802187900414
44, 7, 0.0821271815656746
44, 8, 0.0783311755356968
44, 9, 0.0745963475515994
44, 10, 0.070926779797222
44, 11, 0.0673264746860622
44, 12, 0.0637993394099666
44, 13, 0.0603491702298421
44, 14, 0.0569796366088472
44, 15, 0.0536942652976156
44, 16, 0.0504964244893131
44, 17, 0.0473893081694265
44, 18, 0.0443759207910298
44, 19, 0.0414590624106359
44, 20, 0.0386413144224917
44, 21, 0.0359250260301614
44, 22, 0.0333123015933595
44, 23, 0.0308049889851896
44, 24, 0.0284046690901128
44, 25, 0.0261126465661807
44, 26, 0.0239299419862907
44, 27, 0.0218572854625277
44, 28, 0.0198951118452015
44, 29, 0.0180435575740367
44, 30, 0.0163024592433579
44, 31, 0.0146713539262236
44, 32, 0.0131494812845235
44, 33, 0.011735787473351
44, 34, 0.0104289308287515
44, 35, 0.00922728930854634
44, 36, 0.00812896963662558
44, 37, 0.00713181808221073
44, 38, 0.00623343278740773
44, 39, 0.00543117753919511
44, 40, 0.00472219686609794
44, 41, 0.00410343232544158
44, 42, 0.00357163983449631
44, 43, 0.00312340788818953
44, 44, 0.00275517649757337
44, 45, 0.0024632566769825
44, 46, 0.00224385030390181
44, 47, 0.00209307017402309
44, 48, 0.00200696007480132
44, 49, 0.00198151470397837
44, 50, 0.00201269926494714
44, 51, 0.00209646857835374
44, 52, 0.00222878555882508
44, 53, 0.0024056389169722
44, 54, 0.00262305995964544
44, 55, 0.00287713837555998
44, 56, 0.00316403690862454
44, 57, 0.0034800048373178
44, 58, 0.00382139019500381
44, 59, 0.00418465068288143
44, 60, 0.00456636324406533
44, 61, 0.00496323228383889
44, 62, 0.00537209653716803
44, 63, 0.00578993459989444
44, 64, 0.00621386915445263
44, 65, 0.00664116993429409
44, 66, 0.00706925548332738
44, 67, 0.00749569377747146
44, 68, 0.00791820178479966
44, 69, 0.00833464404866431
44, 70, 0.00874303038462514
44, 71, 0.0091415127869534
44, 72, 0.00952838164399094
44, 73, 0.00990206136375702
44, 74, 0.0102611055119933
44, 75, 0.0106041915644117
44, 76, 0.0109301153733639
44, 77, 0.0112377854466032
44, 78, 0.0115262171323693
44, 79, 0.0117945268008394
44, 80, 0.0120419261071389
44, 81, 0.0122677164157548
44, 82, 0.0124712834604131
44, 83, 0.0126520923073944
44, 84, 0.0128096826839507
44, 85, 0.0129436647270266
44, 86, 0.013053715200949
44, 87, 0.0131395742261727
44, 88, 0.0132010425546022
44, 89, 0.0132379794204641
44, 90, 0.0132503009892104
44, 91, 0.0132379794204641
44, 92, 0.013201042554602
44, 93, 0.0131395742261727
44, 94, 0.013053715200949
44, 95, 0.0129436647270265
44, 96, 0.0128096826839508
44, 97, 0.0126520923073945
44, 98, 0.0124712834604131
44, 99, 0.0122677164157548
44, 100, 0.0120419261071389
44, 101, 0.0117945268008393
44, 102, 0.0115262171323692
44, 103, 0.0112377854466031
44, 104, 0.0109301153733639
44, 105, 0.0106041915644117
44, 106, 0.0102611055119934
44, 107, 0.00990206136375703
44, 108, 0.00952838164399092
44, 109, 0.0091415127869534
44, 110, 0.00874303038462511
44, 111, 0.00833464404866427
44, 112, 0.00791820178479956
44, 113, 0.00749569377747138
44, 114, 0.00706925548332735
44, 115, 0.00664116993429411
44, 116, 0.00621386915445262
44, 117, 0.00578993459989446
44, 118, 0.00537209653716798
44, 119, 0.00496323228383887
44, 120, 0.00456636324406527
44, 121, 0.00418465068288142
44, 122, 0.0038213901950038
44, 123, 0.00348000483731769
44, 124, 0.00316403690862456
44, 125, 0.00287713837556001
44, 126, 0.00262305995964543
44, 127, 0.00240563891697222
44, 128, 0.00222878555882503
44, 129, 0.00209646857835373
44, 130, 0.00201269926494709
44, 131, 0.00198151470397834
44, 132, 0.00200696007480138
44, 133, 0.00209307017402311
44, 134, 0.00224385030390176
44, 135, 0.00246325667698252
44, 136, 0.00275517649757336
44, 137, 0.00312340788818953
44, 138, 0.00357163983449637
44, 139, 0.00410343232544151
44, 140, 0.00472219686609788
44, 141, 0.0054311775391951
44, 142, 0.00623343278740768
44, 143, 0.00713181808221078
44, 144, 0.00812896963662567
44, 145, 0.00922728930854649
44, 146, 0.0104289308287515
44, 147, 0.0117357874733509
44, 148, 0.0131494812845235
44, 149, 0.0146713539262236
44, 150, 0.0163024592433579
44, 151, 0.0180435575740366
44, 152, 0.0198951118452013
44, 153, 0.0218572854625276
44, 154, 0.0239299419862908
44, 155, 0.0261126465661807
44, 156, 0.0284046690901128
44, 157, 0.0308049889851895
44, 158, 0.0333123015933594
44, 159, 0.0359250260301612
44, 160, 0.0386413144224917
44, 161, 0.0414590624106357
44, 162, 0.0443759207910297
44, 163, 0.0473893081694264
44, 164, 0.0504964244893131
44, 165, 0.0536942652976155
44, 166, 0.0569796366088473
44, 167, 0.0603491702298423
44, 168, 0.0637993394099663
44, 169, 0.0673264746860622
44, 170, 0.0709267797972225
44, 171, 0.0745963475515995
44, 172, 0.0783311755356967
44, 173, 0.0821271815656746
44, 174, 0.0859802187900413
44, 175, 0.0898860903633658
44, 176, 0.0938405636212413
44, 177, 0.0978393836973863
44, 178, 0.101878286534322
44, 179, 0.105953011249386
44, 180, 0.110059311827707
44, 181, 0.114192968123087
44, 182, 0.118349796156403
44, 183, 0.122525657709054
44, 184, 0.126716469215997
44, 185, 0.130918209969157
44, 186, 0.135126929647262
44, 187, 0.139338755192484
44, 188, 0.143549897057805
44, 189, 0.147756654851559
44, 190, 0.151955422407414
44, 191, 0.156142692309042
44, 192, 0.160315059899052
44, 193, 0.164469226801436
44, 194, 0.168602003985974
44, 195, 0.172710314401719
44, 196, 0.176791195205119
44, 197, 0.180841799606377
44, 198, 0.184859398355678
44, 199, 0.188841380888714
44, 200, 0.192785256148809
44, 201, 0.196688653100899
44, 202, 0.200549320950612
44, 203, 0.204365129080002
44, 204, 0.208134066709852
44, 205, 0.21185424229725
44, 206, 0.215523882676073
44, 207, 0.219141331947311
44, 208, 0.222705050125735
44, 209, 0.226213611549253
44, 210, 0.229665703057411
44, 211, 0.233060121945894
44, 212, 0.236395773704412
44, 213, 0.23967166954617
44, 214, 0.242886923737995
44, 215, 0.246040750741243
44, 216, 0.249132462174585
44, 217, 0.25216146361104
44, 218, 0.255127251222465
44, 219, 0.258029408285939
44, 220, 0.260867601567251
44, 221, 0.263641577597558
44, 222, 0.266351158859899
44, 223, 0.26899623990275
44, 224, 0.271576783398046
44, 225, 0.27409281616122
44, 226, 0.27654442515068
44, 227, 0.278931753463853
44, 228, 0.281254996346377
44, 229, 0.283514397230404
44, 230, 0.285710243817122
44, 231, 0.287842864217512
44, 232, 0.289912623164423
44, 233, 0.291919918307675
44, 234, 0.293865176602689
44, 235, 0.295748850801801
44, 236, 0.297571416056041
44, 237, 0.299333366633821
44, 238, 0.301035212761599
44, 239, 0.302677477590358
44, 240, 0.304260694290482
44, 241, 0.30578540327643
44, 242, 0.307252149561643
44, 243, 0.308661480243071
44, 244, 0.310013942113969
44, 245, 0.31131007940279
44, 246, 0.312550431635464
44, 247, 0.31373553161784
44, 248, 0.314865903534694
44, 249, 0.315942061161389
44, 250, 0.31696450618418
44, 251, 0.317933726624979
44, 252, 0.318850195366493
44, 253, 0.319714368773591
44, 254, 0.320526685407027
44, 255, 0.321287564825676
44, 256, 0.321997406473787
44, 257, 0.3226565886499
44, 258, 0.3232654675544
44, 259, 0.323824376412925
44, 260, 0.324333624673151
44, 261, 0.324793497272716
44, 262, 0.325204253976342
44, 263, 0.325566128780473
44, 264, 0.325879329383969
44, 265, 0.326144036723592
44, 266, 0.326360404573323
44, 267, 0.326528559206606
44, 268, 0.32664859912086
44, 269, 0.326720594823733
44, 270, 0.326744588680701
44, 271, 0.326720594823733
44, 272, 0.32664859912086
44, 273, 0.326528559206606
44, 274, 0.326360404573321
44, 275, 0.326144036723592
44, 276, 0.32587932938397
44, 277, 0.325566128780475
44, 278, 0.325204253976341
44, 279, 0.324793497272715
44, 280, 0.324333624673152
44, 281, 0.323824376412924
44, 282, 0.3232654675544
44, 283, 0.3226565886499
44, 284, 0.321997406473787
44, 285, 0.321287564825676
44, 286, 0.320526685407026
44, 287, 0.31971436877359
44, 288, 0.318850195366493
44, 289, 0.31793372662498
44, 290, 0.31696450618418
44, 291, 0.31594206116139
44, 292, 0.314865903534696
44, 293, 0.313735531617841
44, 294, 0.312550431635463
44, 295, 0.311310079402791
44, 296, 0.31001394211397
44, 297, 0.308661480243071
44, 298, 0.307252149561641
44, 299, 0.305785403276431
44, 300, 0.30426069429048
44, 301, 0.302677477590357
44, 302, 0.301035212761599
44, 303, 0.299333366633821
44, 304, 0.297571416056042
44, 305, 0.2957488508018
44, 306, 0.293865176602689
44, 307, 0.291919918307673
44, 308, 0.289912623164424
44, 309, 0.287842864217511
44, 310, 0.285710243817121
44, 311, 0.283514397230404
44, 312, 0.281254996346375
44, 313, 0.278931753463853
44, 314, 0.276544425150681
44, 315, 0.27409281616122
44, 316, 0.271576783398046
44, 317, 0.268996239902751
44, 318, 0.266351158859899
44, 319, 0.263641577597558
44, 320, 0.260867601567252
44, 321, 0.258029408285938
44, 322, 0.255127251222463
44, 323, 0.252161463611039
44, 324, 0.249132462174584
44, 325, 0.24604075074124
44, 326, 0.242886923737996
44, 327, 0.239671669546169
44, 328, 0.236395773704412
44, 329, 0.233060121945895
44, 330, 0.229665703057411
44, 331, 0.226213611549252
44, 332, 0.222705050125735
44, 333, 0.219141331947311
44, 334, 0.215523882676073
44, 335, 0.211854242297249
44, 336, 0.20813406670985
44, 337, 0.204365129080002
44, 338, 0.200549320950612
44, 339, 0.1966886531009
44, 340, 0.19278525614881
44, 341, 0.188841380888714
44, 342, 0.184859398355678
44, 343, 0.180841799606376
44, 344, 0.17679119520512
44, 345, 0.17271031440172
44, 346, 0.168602003985973
44, 347, 0.164469226801436
44, 348, 0.160315059899051
44, 349, 0.156142692309042
44, 350, 0.151955422407414
44, 351, 0.147756654851559
44, 352, 0.143549897057804
44, 353, 0.139338755192484
44, 354, 0.135126929647262
44, 355, 0.130918209969157
44, 356, 0.126716469215996
44, 357, 0.122525657709054
44, 358, 0.118349796156404
44, 359, 0.114192968123087
44, 360, 0.110059311827708
45, 0, 0.1083690744591
45, 1, 0.104258569217694
45, 2, 0.100181109090439
45, 3, 0.0961410126400553
45, 4, 0.0921426149423077
45, 5, 0.0881902556696271
45, 6, 0.0842882664460642
45, 7, 0.0804409574989703
45, 8, 0.0766526036436086
45, 9, 0.0729274296482256
45, 10, 0.0692695950388319
45, 11, 0.0656831784148465
45, 12, 0.0621721613586366
45, 13, 0.0587404120336019
45, 14, 0.055391668576651
45, 15, 0.0521295224013246
45, 16, 0.0489574015373908
45, 17, 0.0458785541410147
45, 18, 0.042896032316605
45, 19, 0.0400126763967381
45, 20, 0.0372310998301395
45, 21, 0.0345536748293029
45, 22, 0.031982518928853
45, 23, 0.029519482603125
45, 24, 0.0271661380865543
45, 25, 0.0249237695333507
45, 26, 0.0227933646435868
45, 27, 0.020775607871334
45, 28, 0.0188708753169381
45, 29, 0.0170792313900882
45, 30, 0.0154004273132218
45, 31, 0.013833901516215
45, 32, 0.0123787819535206
45, 33, 0.0110338903542409
45, 34, 0.00979774839434396
45, 35, 0.00866858575871436
45, 36, 0.0076443500392947
45, 37, 0.00672271839459309
45, 38, 0.00590111087561842
45, 39, 0.00517670530422305
45, 40, 0.00454645357217174
45, 41, 0.00400709921332252
45, 42, 0.00355519608734894
45, 43, 0.00318712800168536
45, 44, 0.00289912908901944
45, 45, 0.00268730475082037
45, 46, 0.00254765297318956
45, 47, 0.00247608581977262
45, 48, 0.00246845090759905
45, 49, 0.00252055267544789
45, 50, 0.0026281732605868
45, 51, 0.00278709280835546
45, 52, 0.00299310904987456
45, 53, 0.00324205599595194
45, 54, 0.00352982160976859
45, 55, 0.00385236433689879
45, 56, 0.00420572838834761
45, 57, 0.00458605769028485
45, 58, 0.00498960843269735
45, 59, 0.00541276016797311
45, 60, 0.00585202542916591
45, 61, 0.00630405785607751
45, 62, 0.00676565883507835
45, 63, 0.00723378267550782
45, 64, 0.00770554036134395
45, 65, 0.00817820193141689
45, 66, 0.00864919755460811
45, 67, 0.00911611737810773
45, 68, 0.00957671023681198
45, 69, 0.010028881320279
45, 70, 0.0104706889003137
45, 71, 0.0109003402272295
45, 72, 0.0113161867061899
45, 73, 0.0117167184668352
45, 74, 0.0121005584397391
45, 75, 0.0124664560522382
45, 76, 0.012813280653958
45, 77, 0.0131400147790539
45, 78, 0.0134457473479556
45, 79, 0.0137296669063649
45, 80, 0.013991054993589
45, 81, 0.0142292797260939
45, 82, 0.0144437896755847
45, 83, 0.0146341081140812
45, 84, 0.0147998276914242
45, 85, 0.0149406056035597
45, 86, 0.0150561593028156
45, 87, 0.0151462627943091
45, 88, 0.0152107435556022
45, 89, 0.0152494801097961
45, 90, 0.0152624002754307
45, 91, 0.0152494801097962
45, 92, 0.0152107435556022
45, 93, 0.0151462627943091
45, 94, 0.0150561593028157
45, 95, 0.0149406056035596
45, 96, 0.0147998276914242
45, 97, 0.0146341081140812
45, 98, 0.0144437896755848
45, 99, 0.0142292797260938
45, 100, 0.0139910549935892
45, 101, 0.0137296669063648
45, 102, 0.0134457473479556
45, 103, 0.0131400147790539
45, 104, 0.0128132806539579
45, 105, 0.0124664560522382
45, 106, 0.0121005584397391
45, 107, 0.0117167184668353
45, 108, 0.0113161867061899
45, 109, 0.0109003402272296
45, 110, 0.0104706889003138
45, 111, 0.010028881320279
45, 112, 0.00957671023681198
45, 113, 0.00911611737810774
45, 114, 0.00864919755460804
45, 115, 0.00817820193141692
45, 116, 0.00770554036134393
45, 117, 0.00723378267550782
45, 118, 0.00676565883507838
45, 119, 0.00630405785607753
45, 120, 0.0058520254291659
45, 121, 0.00541276016797308
45, 122, 0.00498960843269725
45, 123, 0.00458605769028485
45, 124, 0.00420572838834758
45, 125, 0.00385236433689881
45, 126, 0.00352982160976855
45, 127, 0.00324205599595188
45, 128, 0.00299310904987462
45, 129, 0.00278709280835541
45, 130, 0.00262817326058677
45, 131, 0.00252055267544784
45, 132, 0.00246845090759908
45, 133, 0.00247608581977262
45, 134, 0.00254765297318952
45, 135, 0.00268730475082032
45, 136, 0.00289912908901947
45, 137, 0.0031871280016854
45, 138, 0.00355519608734895
45, 139, 0.0040070992133226
45, 140, 0.00454645357217166
45, 141, 0.005176705304223
45, 142, 0.00590111087561837
45, 143, 0.00672271839459306
45, 144, 0.00764435003929465
45, 145, 0.00866858575871435
45, 146, 0.00979774839434406
45, 147, 0.0110338903542408
45, 148, 0.0123787819535205
45, 149, 0.013833901516215
45, 150, 0.0154004273132217
45, 151, 0.017079231390088
45, 152, 0.0188708753169382
45, 153, 0.020775607871334
45, 154, 0.0227933646435868
45, 155, 0.0249237695333508
45, 156, 0.0271661380865543
45, 157, 0.0295194826031248
45, 158, 0.0319825189288529
45, 159, 0.0345536748293031
45, 160, 0.0372310998301396
45, 161, 0.0400126763967379
45, 162, 0.0428960323166048
45, 163, 0.0458785541410145
45, 164, 0.0489574015373906
45, 165, 0.0521295224013247
45, 166, 0.0553916685766506
45, 167, 0.0587404120336022
45, 168, 0.0621721613586366
45, 169, 0.0656831784148468
45, 170, 0.0692695950388319
45, 171, 0.0729274296482257
45, 172, 0.0766526036436084
45, 173, 0.0804409574989703
45, 174, 0.0842882664460644
45, 175, 0.0881902556696273
45, 176, 0.0921426149423073
45, 177, 0.0961410126400552
45, 178, 0.10018110909044
45, 179, 0.104258569217694
45, 180, 0.1083690744591
45, 181, 0.112508333937425
45, 182, 0.116672094883436
45, 183, 0.120856152310904
45, 184, 0.125056357953919
45, 185, 0.129268628482745
45, 186, 0.133488953019773
45, 187, 0.137713399981411
45, 188, 0.141938123275062
45, 189, 0.146159367882599
45, 190, 0.150373474863124
45, 191, 0.154576885808348
45, 192, 0.158766146783684
45, 193, 0.162937911787253
45, 194, 0.167088945757565
45, 195, 0.171216127158731
45, 196, 0.175316450169843
45, 197, 0.179387026502642
45, 198, 0.183425086869023
45, 199, 0.187427982117237
45, 200, 0.191393184053111
45, 201, 0.195318285960061
45, 202, 0.199201002829469
45, 203, 0.203039171310979
45, 204, 0.2068307493905
45, 205, 0.210573815802434
45, 206, 0.214266569181523
45, 207, 0.21790732695912
45, 208, 0.221494524008398
45, 209, 0.225026711043018
45, 210, 0.228502552774189
45, 211, 0.231920825831708
45, 212, 0.235280416455477
45, 213, 0.238580317965121
45, 214, 0.241819628016605
45, 215, 0.244997545656131
45, 216, 0.248113368183024
45, 217, 0.251166487834804
45, 218, 0.254156388308926
45, 219, 0.257082641137116
45, 220, 0.259944901929255
45, 221, 0.262742906504853
45, 222, 0.26547646693091
45, 223, 0.26814546748555
45, 224, 0.2707498605671
45, 225, 0.273289662568457
45, 226, 0.275764949736334
45, 227, 0.27817585403459
45, 228, 0.280522559030251
45, 229, 0.282805295819876
45, 230, 0.285024339012962
45, 231, 0.287180002787733
45, 232, 0.28927263703342
45, 233, 0.291302623591531
45, 234, 0.293270372607121
45, 235, 0.295176318999437
45, 236, 0.297020919059678
45, 237, 0.298804647181989
45, 238, 0.300527992732281
45, 239, 0.302191457057886
45, 240, 0.303795550639739
45, 241, 0.305340790387345
45, 242, 0.306827697075751
45, 243, 0.308256792922569
45, 244, 0.309628599302235
45, 245, 0.310943634593948
45, 246, 0.312202412159061
45, 247, 0.313405438443255
45, 248, 0.314553211198472
45, 249, 0.315646217819327
45, 250, 0.316684933788719
45, 251, 0.317669821227267
45, 252, 0.318601327541302
45, 253, 0.319479884164422
45, 254, 0.320305905387724
45, 255, 0.321079787274211
45, 256, 0.321801906653176
45, 257, 0.322472620190699
45, 258, 0.323092263532791
45, 259, 0.323661150518108
45, 260, 0.324179572457432
45, 261, 0.324647797477641
45, 262, 0.325066069928014
45, 263, 0.325434609847242
45, 264, 0.325753612489608
45, 265, 0.326023247909241
45, 266, 0.326243660601378
45, 267, 0.326414969199967
45, 268, 0.326537266230942
45, 269, 0.326610617920753
45, 270, 0.326635064059837
45, 271, 0.326610617920754
45, 272, 0.326537266230941
45, 273, 0.326414969199967
45, 274, 0.326243660601378
45, 275, 0.32602324790924
45, 276, 0.32575361248961
45, 277, 0.325434609847241
45, 278, 0.325066069928014
45, 279, 0.32464779747764
45, 280, 0.324179572457432
45, 281, 0.323661150518107
45, 282, 0.323092263532792
45, 283, 0.322472620190698
45, 284, 0.321801906653177
45, 285, 0.321079787274211
45, 286, 0.320305905387723
45, 287, 0.319479884164422
45, 288, 0.318601327541302
45, 289, 0.317669821227267
45, 290, 0.31668493378872
45, 291, 0.315646217819324
45, 292, 0.314553211198473
45, 293, 0.313405438443256
45, 294, 0.312202412159059
45, 295, 0.310943634593948
45, 296, 0.309628599302236
45, 297, 0.308256792922571
45, 298, 0.306827697075753
45, 299, 0.305340790387345
45, 300, 0.30379555063974
45, 301, 0.302191457057887
45, 302, 0.30052799273228
45, 303, 0.29880464718199
45, 304, 0.297020919059678
45, 305, 0.295176318999438
45, 306, 0.293270372607121
45, 307, 0.291302623591531
45, 308, 0.28927263703342
45, 309, 0.287180002787733
45, 310, 0.285024339012962
45, 311, 0.282805295819877
45, 312, 0.28052255903025
45, 313, 0.278175854034591
45, 314, 0.275764949736334
45, 315, 0.273289662568459
45, 316, 0.270749860567099
45, 317, 0.26814546748555
45, 318, 0.26547646693091
45, 319, 0.262742906504854
45, 320, 0.259944901929256
45, 321, 0.257082641137117
45, 322, 0.254156388308925
45, 323, 0.251166487834803
45, 324, 0.248113368183024
45, 325, 0.24499754565613
45, 326, 0.241819628016605
45, 327, 0.238580317965122
45, 328, 0.235280416455477
45, 329, 0.231920825831708
45, 330, 0.22850255277419
45, 331, 0.225026711043018
45, 332, 0.221494524008398
45, 333, 0.21790732695912
45, 334, 0.214266569181522
45, 335, 0.210573815802434
45, 336, 0.2068307493905
45, 337, 0.203039171310979
45, 338, 0.19920100282947
45, 339, 0.195318285960061
45, 340, 0.191393184053111
45, 341, 0.187427982117237
45, 342, 0.183425086869022
45, 343, 0.179387026502642
45, 344, 0.175316450169843
45, 345, 0.171216127158731
45, 346, 0.167088945757565
45, 347, 0.162937911787253
45, 348, 0.158766146783684
45, 349, 0.154576885808348
45, 350, 0.150373474863124
45, 351, 0.1461593678826
45, 352, 0.141938123275062
45, 353, 0.137713399981411
45, 354, 0.133488953019773
45, 355, 0.129268628482745
45, 356, 0.125056357953919
45, 357, 0.120856152310904
45, 358, 0.116672094883436
45, 359, 0.112508333937425
45, 360, 0.1083690744591
46, 0, 0.106619670360695
46, 1, 0.102511060481074
46, 2, 0.0984370132725709
46, 3, 0.0944019110193551
46, 4, 0.0904101540100473
46, 5, 0.0864661484412355
46, 6, 0.0825742935364579
46, 7, 0.078738967902326
46, 8, 0.0749645151551914
46, 9, 0.0712552288641817
46, 10, 0.0676153368693706
46, 11, 0.0640489850470435
46, 12, 0.0605602206073085
46, 13, 0.0571529750223766
46, 14, 0.0538310466964669
46, 15, 0.0505980835002226
46, 16, 0.0474575653034501
46, 17, 0.0444127866496824
46, 18, 0.0414668397242496
46, 19, 0.0386225977739773
46, 20, 0.0358826991411092
46, 21, 0.0332495320763862
46, 22, 0.0307252204962349
46, 23, 0.0283116108466327
46, 24, 0.026010260231325
46, 25, 0.0238224259546735
46, 26, 0.0217490566195015
46, 27, 0.0197907849079778
46, 28, 0.0179479221589238
46, 29, 0.0162204548381565
46, 30, 0.0146080429797604
46, 31, 0.0131100206558076
46, 32, 0.0117253985102852
46, 33, 0.0104528683702093
46, 34, 0.00929080992341305
46, 35, 0.00823729942871508
46, 36, 0.00729012040046282
46, 37, 0.0064467761862084
46, 38, 0.00570450433389273
46, 39, 0.0050602926237724
46, 40, 0.00451089662077162
46, 41, 0.00405285858530628
46, 42, 0.00368252756521262
46, 43, 0.00339608047845305
46, 44, 0.00318954398599914
46, 45, 0.00305881694683888
46, 46, 0.0029996932425414
46, 47, 0.0030078847572881
46, 48, 0.003079044300723
46, 49, 0.00320878826535064
46, 50, 0.00339271881738202
46, 51, 0.00362644542974966
46, 52, 0.00390560557826895
46, 53, 0.00422588443636783
46, 54, 0.00458303342015588
46, 55, 0.00497288745355137
46, 56, 0.00539138084239745
46, 57, 0.00583456166662912
46, 58, 0.0062986046202602
46, 59, 0.00677982224988403
46, 60, 0.00727467456319616
46, 61, 0.00777977699941461
46, 62, 0.00829190677310522
46, 63, 0.00880800762153059
46, 64, 0.0093251930029915
46, 65, 0.00984074780951686
46, 66, 0.0103521286715067
46, 67, 0.0108569629444151
46, 68, 0.0113530464781955
46, 69, 0.0118383402789564
46, 70, 0.0123109661791043
46, 71, 0.0127692016371826
46, 72, 0.0132114737917455
46, 73, 0.0136363528949906
46, 74, 0.0140425452516601
46, 75, 0.0144288857870264
46, 76, 0.0147943303647705
46, 77, 0.0151379479713882
46, 78, 0.0154589128786173
46, 79, 0.0157564968894024
46, 80, 0.0160300617663058
46, 81, 0.016279051934166
46, 82, 0.01650298754135
46, 83, 0.0167014579562875
46, 84, 0.0168741157682063
46, 85, 0.0170206713532118
46, 86, 0.0171408880591529
46, 87, 0.0172345780551209
46, 88, 0.0173015988839911
46, 89, 0.0173418507491459
46, 90, 0.0173552745593956
46, 91, 0.0173418507491458
46, 92, 0.0173015988839911
46, 93, 0.017234578055121
46, 94, 0.017140888059153
46, 95, 0.0170206713532117
46, 96, 0.0168741157682062
46, 97, 0.0167014579562875
46, 98, 0.01650298754135
46, 99, 0.016279051934166
46, 100, 0.0160300617663058
46, 101, 0.0157564968894024
46, 102, 0.0154589128786174
46, 103, 0.0151379479713882
46, 104, 0.0147943303647705
46, 105, 0.0144288857870264
46, 106, 0.0140425452516601
46, 107, 0.0136363528949906
46, 108, 0.0132114737917455
46, 109, 0.0127692016371826
46, 110, 0.0123109661791042
46, 111, 0.0118383402789564
46, 112, 0.0113530464781954
46, 113, 0.010856962944415
46, 114, 0.0103521286715065
46, 115, 0.00984074780951679
46, 116, 0.00932519300299144
46, 117, 0.00880800762153064
46, 118, 0.00829190677310516
46, 119, 0.00777977699941461
46, 120, 0.00727467456319613
46, 121, 0.00677982224988405
46, 122, 0.00629860462026016
46, 123, 0.00583456166662908
46, 124, 0.00539138084239752
46, 125, 0.00497288745355134
46, 126, 0.00458303342015585
46, 127, 0.00422588443636785
46, 128, 0.00390560557826895
46, 129, 0.00362644542974957
46, 130, 0.00339271881738202
46, 131, 0.00320878826535061
46, 132, 0.00307904430072296
46, 133, 0.0030078847572881
46, 134, 0.0029996932425414
46, 135, 0.00305881694683876
46, 136, 0.00318954398599918
46, 137, 0.00339608047845305
46, 138, 0.00368252756521259
46, 139, 0.00405285858530627
46, 140, 0.00451089662077161
46, 141, 0.00506029262377245
46, 142, 0.00570450433389271
46, 143, 0.00644677618620841
46, 144, 0.00729012040046278
46, 145, 0.00823729942871501
46, 146, 0.009290809923413
46, 147, 0.0104528683702094
46, 148, 0.0117253985102851
46, 149, 0.0131100206558075
46, 150, 0.0146080429797606
46, 151, 0.0162204548381565
46, 152, 0.0179479221589237
46, 153, 0.0197907849079778
46, 154, 0.0217490566195014
46, 155, 0.0238224259546734
46, 156, 0.0260102602313251
46, 157, 0.0283116108466328
46, 158, 0.0307252204962349
46, 159, 0.033249532076386
46, 160, 0.0358826991411092
46, 161, 0.0386225977739771
46, 162, 0.0414668397242497
46, 163, 0.0444127866496823
46, 164, 0.0474575653034501
46, 165, 0.0505980835002227
46, 166, 0.053831046696467
46, 167, 0.0571529750223766
46, 168, 0.0605602206073084
46, 169, 0.0640489850470428
46, 170, 0.0676153368693706
46, 171, 0.0712552288641817
46, 172, 0.0749645151551915
46, 173, 0.0787389679023259
46, 174, 0.082574293536458
46, 175, 0.0864661484412353
46, 176, 0.0904101540100472
46, 177, 0.094401911019355
46, 178, 0.0984370132725712
46, 179, 0.102511060481073
46, 180, 0.106619670360696
46, 181, 0.110758489932942
46, 182, 0.114923206030107
46, 183, 0.119109555012332
46, 184, 0.12331333171235
46, 185, 0.127530397630219
46, 186, 0.131756688405628
46, 187, 0.135988220599547
46, 188, 0.140221097819934
46, 189, 0.144451516228136
46, 190, 0.148675769463453
46, 191, 0.152890253023331
46, 192, 0.157091468135715
46, 193, 0.161276025158579
46, 194, 0.165440646539451
46, 195, 0.169582169365168
46, 196, 0.173697547529156
46, 197, 0.177783853540371
46, 198, 0.181838279994851
46, 199, 0.185858140727568
46, 200, 0.189840871659245
46, 201, 0.193784031349884
46, 202, 0.197685301268192
46, 203, 0.201542485783869
46, 204, 0.205353511887823
46, 205, 0.209116428644067
46, 206, 0.212829406375949
46, 207, 0.216490735588977
46, 208, 0.22009882563232
46, 209, 0.223652203101447
46, 210, 0.227149509985054
46, 211, 0.230589501560504
46, 212, 0.233971044043286
46, 213, 0.237293111997631
46, 214, 0.240554785517089
46, 215, 0.243755247185755
46, 216, 0.246893778832671
46, 217, 0.249969758093795
46, 218, 0.252982654797706
46, 219, 0.25593202719282
46, 220, 0.258817518035368
46, 221, 0.261638850558593
46, 222, 0.264395824344563
46, 223, 0.267088311120706
46, 224, 0.269716250503499
46, 225, 0.272279645711838
46, 226, 0.274778559272341
46, 227, 0.277213108738259
46, 228, 0.2795834624429
46, 229, 0.281889835307287
46, 230, 0.284132484720487
46, 231, 0.286311706509518
46, 232, 0.288427831013991
46, 233, 0.290481219278901
46, 234, 0.292472259377015
46, 235, 0.294401362870388
46, 236, 0.296268961418575
46, 237, 0.298075503539199
46, 238, 0.299821451524701
46, 239, 0.301507278517252
46, 240, 0.303133465742318
46, 241, 0.304700499899747
46, 242, 0.306208870709977
46, 243, 0.307659068611815
46, 244, 0.309051582607198
46, 245, 0.31038689824762
46, 246, 0.311665495756232
46, 247, 0.31288784827917
46, 248, 0.314054420259455
46, 249, 0.315165665926538
46, 250, 0.316222027894727
46, 251, 0.317223935863727
46, 252, 0.318171805414796
46, 253, 0.319066036896384
46, 254, 0.319907014393418
46, 255, 0.320695104774898
46, 256, 0.321430656814898
46, 257, 0.322114000382617
46, 258, 0.322745445697533
46, 259, 0.323325282646273
46, 260, 0.323853780158269
46, 261, 0.324331185637698
46, 262, 0.324757724449641
46, 263, 0.325133599458737
46, 264, 0.325458990619007
46, 265, 0.325734054613724
46, 266, 0.325958924544536
46, 267, 0.326133709669209
46, 268, 0.326258495187543
46, 269, 0.326333342075124
46, 270, 0.326358286964713
46, 271, 0.326333342075125
46, 272, 0.326258495187543
46, 273, 0.326133709669208
46, 274, 0.325958924544533
46, 275, 0.325734054613722
46, 276, 0.325458990619008
46, 277, 0.325133599458737
46, 278, 0.324757724449641
46, 279, 0.324331185637698
46, 280, 0.323853780158267
46, 281, 0.323325282646272
46, 282, 0.322745445697533
46, 283, 0.322114000382616
46, 284, 0.321430656814898
46, 285, 0.320695104774897
46, 286, 0.319907014393419
46, 287, 0.319066036896384
46, 288, 0.318171805414794
46, 289, 0.317223935863727
46, 290, 0.316222027894728
46, 291, 0.315165665926538
46, 292, 0.314054420259455
46, 293, 0.312887848279171
46, 294, 0.311665495756233
46, 295, 0.31038689824762
46, 296, 0.309051582607197
46, 297, 0.307659068611814
46, 298, 0.306208870709976
46, 299, 0.304700499899747
46, 300, 0.303133465742318
46, 301, 0.301507278517251
46, 302, 0.299821451524699
46, 303, 0.2980755035392
46, 304, 0.296268961418574
46, 305, 0.294401362870388
46, 306, 0.292472259377018
46, 307, 0.290481219278901
46, 308, 0.288427831013989
46, 309, 0.286311706509517
46, 310, 0.284132484720486
46, 311, 0.281889835307286
46, 312, 0.2795834624429
46, 313, 0.277213108738258
46, 314, 0.274778559272341
46, 315, 0.272279645711838
46, 316, 0.269716250503498
46, 317, 0.267088311120705
46, 318, 0.264395824344563
46, 319, 0.261638850558592
46, 320, 0.258817518035368
46, 321, 0.255932027192819
46, 322, 0.252982654797706
46, 323, 0.249969758093796
46, 324, 0.246893778832671
46, 325, 0.243755247185755
46, 326, 0.24055478551709
46, 327, 0.237293111997631
46, 328, 0.233971044043287
46, 329, 0.230589501560503
46, 330, 0.227149509985054
46, 331, 0.223652203101446
46, 332, 0.22009882563232
46, 333, 0.216490735588978
46, 334, 0.212829406375949
46, 335, 0.209116428644066
46, 336, 0.205353511887823
46, 337, 0.201542485783868
46, 338, 0.197685301268192
46, 339, 0.193784031349884
46, 340, 0.189840871659245
46, 341, 0.185858140727567
46, 342, 0.18183827999485
46, 343, 0.177783853540372
46, 344, 0.173697547529157
46, 345, 0.16958216936517
46, 346, 0.165440646539451
46, 347, 0.16127602515858
46, 348, 0.157091468135715
46, 349, 0.152890253023331
46, 350, 0.148675769463454
46, 351, 0.144451516228136
46, 352, 0.140221097819935
46, 353, 0.135988220599547
46, 354, 0.131756688405627
46, 355, 0.127530397630219
46, 356, 0.123313331712351
46, 357, 0.119109555012332
46, 358, 0.114923206030107
46, 359, 0.110758489932942
46, 360, 0.106619670360695
47, 0, 0.104812683271906
47, 1, 0.100712049381121
47, 2, 0.096647542943785
47, 3, 0.0926236009201266
47, 4, 0.0886446795700077
47, 5, 0.084715242221769
47, 6, 0.08083974620106
47, 7, 0.0770226289367616
47, 8, 0.0732682932738373
47, 9, 0.0695810920364871
47, 10, 0.0659653118991572
47, 11, 0.062425156637597
47, 12, 0.0589647298468606
47, 13, 0.0555880172278317
47, 14, 0.0522988685580383
47, 15, 0.0491009794760637
47, 16, 0.045997873221319
47, 17, 0.0429928824821365
47, 18, 0.0400891315146844
47, 19, 0.0372895187028617
47, 20, 0.0345966997348675
47, 21, 0.0320130715752972
47, 22, 0.0295407574122309
47, 23, 0.0271815927567222
47, 24, 0.0249371128672597
47, 25, 0.0228085416641081
47, 26, 0.0207967822880051
47, 27, 0.0189024094444808
47, 28, 0.0171256636593231
47, 29, 0.0154664475524782
47, 30, 0.01392432421733
47, 31, 0.0124985177700081
47, 32, 0.0111879161095591
47, 33, 0.00999107590476474
47, 34, 0.0089062297975777
47, 35, 0.00793129578693695
47, 36, 0.00706388873057608
47, 37, 0.00630133387681055
47, 38, 0.00564068231357287
47, 39, 0.00507872819863548
47, 40, 0.00461202761337578
47, 41, 0.00423691886299683
47, 42, 0.003949544029127
47, 43, 0.00374587156649109
47, 44, 0.00362171972407878
47, 45, 0.00357278056314244
47, 46, 0.00359464433952038
47, 47, 0.00368282401627652
47, 48, 0.00383277967446825
47, 49, 0.00403994259491001
47, 50, 0.00429973879199025
47, 51, 0.00460761179171381
47, 52, 0.00495904445996153
47, 53, 0.00534957970319501
47, 54, 0.00577483988216453
47, 55, 0.00623054479926066
47, 56, 0.00671252814160062
47, 57, 0.00721675228437517
47, 58, 0.00773932138200379
47, 59, 0.00827649269786932
47, 60, 0.00882468614643037
47, 61, 0.00938049204399517
47, 62, 0.00994067708603801
47, 63, 0.0105021885893312
47, 64, 0.0110621570561101
47, 65, 0.0116178971347209
47, 66, 0.0121669070665749
47, 67, 0.0127068667225738
47, 68, 0.0132356343434191
47, 69, 0.0137512421073051
47, 70, 0.0142518906554371
47, 71, 0.0147359427106426
47, 72, 0.0152019159271418
47, 73, 0.0156484751104252
47, 74, 0.0160744239452963
47, 75, 0.0164786963676327
47, 76, 0.0168603477114975
47, 77, 0.0172185457580788
47, 78, 0.0175525618067461
47, 79, 0.0178617618814988
47, 80, 0.0181455981784257
47, 81, 0.0184036008516853
47, 82, 0.0186353702271122
47, 83, 0.0188405695240251
47, 84, 0.0190189181572435
47, 85, 0.0191701856828646
47, 86, 0.0192941864430504
47, 87, 0.0193907749569885
47, 88, 0.0194598420973652
47, 89, 0.0195013120841073
47, 90, 0.0195151403198065
47, 91, 0.0195013120841073
47, 92, 0.0194598420973653
47, 93, 0.0193907749569886
47, 94, 0.0192941864430504
47, 95, 0.0191701856828645
47, 96, 0.0190189181572435
47, 97, 0.0188405695240252
47, 98, 0.0186353702271122
47, 99, 0.0184036008516852
47, 100, 0.0181455981784258
47, 101, 0.0178617618814988
47, 102, 0.0175525618067461
47, 103, 0.0172185457580788
47, 104, 0.0168603477114975
47, 105, 0.0164786963676327
47, 106, 0.0160744239452963
47, 107, 0.0156484751104251
47, 108, 0.0152019159271418
47, 109, 0.0147359427106426
47, 110, 0.0142518906554372
47, 111, 0.0137512421073051
47, 112, 0.013235634343419
47, 113, 0.0127068667225737
47, 114, 0.0121669070665748
47, 115, 0.0116178971347209
47, 116, 0.0110621570561101
47, 117, 0.0105021885893312
47, 118, 0.00994067708603796
47, 119, 0.00938049204399515
47, 120, 0.00882468614643038
47, 121, 0.00827649269786934
47, 122, 0.0077393213820038
47, 123, 0.00721675228437514
47, 124, 0.00671252814160067
47, 125, 0.00623054479926064
47, 126, 0.00577483988216451
47, 127, 0.00534957970319501
47, 128, 0.00495904445996144
47, 129, 0.00460761179171379
47, 130, 0.00429973879199029
47, 131, 0.00403994259491003
47, 132, 0.00383277967446828
47, 133, 0.00368282401627654
47, 134, 0.00359464433952034
47, 135, 0.00357278056314242
47, 136, 0.00362171972407881
47, 137, 0.00374587156649117
47, 138, 0.00394954402912708
47, 139, 0.00423691886299679
47, 140, 0.00461202761337572
47, 141, 0.00507872819863548
47, 142, 0.00564068231357284
47, 143, 0.00630133387681061
47, 144, 0.00706388873057619
47, 145, 0.00793129578693683
47, 146, 0.00890622979757764
47, 147, 0.00999107590476472
47, 148, 0.0111879161095592
47, 149, 0.0124985177700081
47, 150, 0.0139243242173301
47, 151, 0.0154664475524784
47, 152, 0.0171256636593231
47, 153, 0.0189024094444806
47, 154, 0.0207967822880051
47, 155, 0.0228085416641082
47, 156, 0.0249371128672595
47, 157, 0.0271815927567223
47, 158, 0.0295407574122312
47, 159, 0.0320130715752974
47, 160, 0.0345966997348676
47, 161, 0.0372895187028616
47, 162, 0.0400891315146843
47, 163, 0.0429928824821367
47, 164, 0.0459978732213189
47, 165, 0.0491009794760641
47, 166, 0.0522988685580386
47, 167, 0.0555880172278312
47, 168, 0.0589647298468607
47, 169, 0.0624251566375968
47, 170, 0.0659653118991572
47, 171, 0.069581092036487
47, 172, 0.0732682932738373
47, 173, 0.0770226289367614
47, 174, 0.0808397462010598
47, 175, 0.0847152422217689
47, 176, 0.0886446795700079
47, 177, 0.0926236009201266
47, 178, 0.0966475429437852
47, 179, 0.100712049381121
47, 180, 0.104812683271906
47, 181, 0.108945038341246
47, 182, 0.113104749544951
47, 183, 0.117287502788969
47, 184, 0.121489043845252
47, 185, 0.125705186492986
47, 186, 0.129931819919402
47, 187, 0.134164915418206
47, 188, 0.138400532426295
47, 189, 0.142634823940787
47, 190, 0.146864041358645
47, 191, 0.151084538780419
47, 192, 0.155292776818033
47, 193, 0.159485325944104
47, 194, 0.163658869417415
47, 195, 0.167810205815666
47, 196, 0.171936251202959
47, 197, 0.17603404095561
47, 198, 0.180100731265939
47, 199, 0.184133600339916
47, 200, 0.188130049300981
47, 201, 0.19208760280897
47, 202, 0.19600390940032
47, 203, 0.199876741553172
47, 204, 0.203703995479097
47, 205, 0.207483690641792
47, 206, 0.211213969002184
47, 207, 0.214893093989082
47, 208, 0.218519449194747
47, 209, 0.222091536795402
47, 210, 0.225607975697898
47, 211, 0.229067499415233
47, 212, 0.232468953675501
47, 213, 0.235811293770945
47, 214, 0.239093581656045
47, 215, 0.242314982805981
47, 216, 0.245474762849163
47, 217, 0.24857228398986
47, 218, 0.251607001239191
47, 219, 0.254578458474717
47, 220, 0.25748628435067
47, 221, 0.260330188082277
47, 222, 0.263109955128811
47, 223, 0.26582544280073
47, 224, 0.268476575816675
47, 225, 0.271063341836088
47, 226, 0.273585786992821
47, 227, 0.276044011454369
47, 228, 0.278438165030273
47, 229, 0.280768442851809
47, 230, 0.283035081143447
47, 231, 0.285238353104602
47, 232, 0.287378564918138
47, 233, 0.289456051899868
47, 234, 0.291471174800942
47, 235, 0.293424316272717
47, 236, 0.295315877501313
47, 237, 0.297146275016862
47, 238, 0.298915937680172
47, 239, 0.300625303847577
47, 240, 0.30227481871281
47, 241, 0.303864931823061
47, 242, 0.305396094764849
47, 243, 0.306868759014144
47, 244, 0.308283373944044
47, 245, 0.309640384982519
47, 246, 0.310940231912153
47, 247, 0.312183347303345
47, 248, 0.313370155072318
47, 249, 0.31450106915518
47, 250, 0.315576492289482
47, 251, 0.31659681489495
47, 252, 0.317562414045478
47, 253, 0.318473652524981
47, 254, 0.319330877960224
47, 255, 0.32013442202438
47, 256, 0.320884599705728
47, 257, 0.321581708636508
47, 258, 0.322226028477643
47, 259, 0.32281782035566
47, 260, 0.323357326348683
47, 261, 0.323844769019018
47, 262, 0.324280350990271
47, 263, 0.324664254567401
47, 264, 0.324996641398552
47, 265, 0.325277652177724
47, 266, 0.325507406387757
47, 267, 0.325686002083151
47, 268, 0.325813515712536
47, 269, 0.325890001980672
47, 270, 0.325915493749827
47, 271, 0.32589000198067
47, 272, 0.325813515712537
47, 273, 0.325686002083149
47, 274, 0.325507406387757
47, 275, 0.325277652177725
47, 276, 0.324996641398554
47, 277, 0.324664254567402
47, 278, 0.324280350990269
47, 279, 0.323844769019016
47, 280, 0.323357326348683
47, 281, 0.322817820355661
47, 282, 0.322226028477644
47, 283, 0.321581708636507
47, 284, 0.320884599705728
47, 285, 0.320134422024379
47, 286, 0.319330877960224
47, 287, 0.318473652524982
47, 288, 0.317562414045479
47, 289, 0.31659681489495
47, 290, 0.315576492289481
47, 291, 0.31450106915518
47, 292, 0.313370155072318
47, 293, 0.312183347303346
47, 294, 0.310940231912153
47, 295, 0.30964038498252
47, 296, 0.308283373944043
47, 297, 0.306868759014145
47, 298, 0.305396094764849
47, 299, 0.303864931823061
47, 300, 0.30227481871281
47, 301, 0.300625303847576
47, 302, 0.298915937680172
47, 303, 0.297146275016864
47, 304, 0.295315877501312
47, 305, 0.293424316272716
47, 306, 0.291471174800944
47, 307, 0.289456051899869
47, 308, 0.287378564918137
47, 309, 0.285238353104601
47, 310, 0.283035081143447
47, 311, 0.280768442851809
47, 312, 0.278438165030273
47, 313, 0.27604401145437
47, 314, 0.273585786992821
47, 315, 0.271063341836088
47, 316, 0.268476575816674
47, 317, 0.265825442800728
47, 318, 0.263109955128812
47, 319, 0.260330188082277
47, 320, 0.25748628435067
47, 321, 0.254578458474716
47, 322, 0.251607001239191
47, 323, 0.24857228398986
47, 324, 0.245474762849165
47, 325, 0.242314982805982
47, 326, 0.239093581656045
47, 327, 0.235811293770944
47, 328, 0.232468953675503
47, 329, 0.229067499415233
47, 330, 0.225607975697898
47, 331, 0.222091536795403
47, 332, 0.218519449194748
47, 333, 0.214893093989082
47, 334, 0.211213969002184
47, 335, 0.207483690641792
47, 336, 0.203703995479096
47, 337, 0.199876741553173
47, 338, 0.196003909400322
47, 339, 0.192087602808969
47, 340, 0.188130049300981
47, 341, 0.184133600339917
47, 342, 0.180100731265939
47, 343, 0.176034040955612
47, 344, 0.171936251202959
47, 345, 0.167810205815665
47, 346, 0.163658869417416
47, 347, 0.159485325944104
47, 348, 0.155292776818033
47, 349, 0.151084538780419
47, 350, 0.146864041358645
47, 351, 0.142634823940787
47, 352, 0.138400532426294
47, 353, 0.134164915418205
47, 354, 0.129931819919402
47, 355, 0.125705186492986
47, 356, 0.121489043845253
47, 357, 0.11728750278897
47, 358, 0.11310474954495
47, 359, 0.108945038341246
47, 360, 0.104812683271906
48, 0, 0.102950067049148
48, 1, 0.0988634458927241
48, 2, 0.0948145622876708
48, 3, 0.0908078986899823
48, 4, 0.0868479579107331
48, 5, 0.0829392507973803
48, 6, 0.0790862830205511
48, 7, 0.0752935409780478
48, 8, 0.0715654768414899
48, 9, 0.0679064927856901
48, 10, 0.0643209244563922
48, 11, 0.0608130237480298
48, 12, 0.057386940979522
48, 13, 0.0540467065723727
48, 14, 0.0507962123513139
48, 15, 0.0476391926029146
48, 16, 0.0445792050417925
48, 17, 0.0416196118468193
48, 18, 0.0387635609408011
48, 19, 0.0360139676961213
48, 20, 0.0333734972555341
48, 21, 0.0308445476614059
48, 22, 0.0284292339880149
48, 23, 0.0261293736698652
48, 24, 0.0239464732142448
48, 25, 0.0218817164784008
48, 26, 0.0199359546807149
48, 27, 0.0181096983012487
48, 28, 0.0164031110100657
48, 29, 0.0148160057420886
48, 30, 0.0133478430151316
48, 31, 0.0119977315634871
48, 32, 0.0107644313334239
48, 33, 0.00964635885954905
48, 34, 0.00864159501267955
48, 35, 0.00774789508109911
48, 36, 0.00696270111835532
48, 37, 0.00628315646255659
48, 38, 0.00570612230495873
48, 39, 0.00522819615995313
48, 40, 0.00484573206483968
48, 41, 0.00455486231638789
48, 42, 0.00435152053254878
48, 43, 0.00423146581207268
48, 44, 0.00419030775250104
48, 45, 0.00422353207820015
48, 46, 0.00432652662495211
48, 47, 0.0044946074261445
48, 48, 0.00472304464781917
48, 49, 0.0050070881256484
48, 50, 0.00534199226618601
48, 51, 0.005723040087249
48, 52, 0.00614556618778661
48, 53, 0.00660497845575077
48, 54, 0.00709677834293936
48, 55, 0.00761657955815077
48, 56, 0.00816012505383735
48, 57, 0.00872330220634211
48, 58, 0.00930215611530551
48, 59, 0.00989290097348943
48, 60, 0.0104919294836678
48, 61, 0.0110958203239574
48, 62, 0.0117013436866389
48, 63, 0.0123054649378051
48, 64, 0.0129053464657705
48, 65, 0.0134983478048261
48, 66, 0.014082024137444
48, 67, 0.0146541232922515
48, 68, 0.01521258136694
48, 69, 0.0157555171146811
48, 70, 0.0162812252396222
48, 71, 0.0167881687516715
48, 72, 0.017274970533159
48, 73, 0.017740404270226
48, 74, 0.0181833849001039
48, 75, 0.0186029587220096
48, 76, 0.0189982933144183
48, 77, 0.019368667395193
48, 78, 0.019713460753712
48, 79, 0.0200321443759456
48, 80, 0.0203242708746322
48, 81, 0.020589465327493
48, 82, 0.0208274166170005
48, 83, 0.0210378693557377
48, 84, 0.0212206164719992
48, 85, 0.0213754925211128
48, 86, 0.0215023677790555
48, 87, 0.0216011431663972
48, 88, 0.0216717460424044
48, 89, 0.0217141269013144
48, 90, 0.0217282569952853
48, 91, 0.0217141269013143
48, 92, 0.0216717460424044
48, 93, 0.0216011431663972
48, 94, 0.0215023677790555
48, 95, 0.0213754925211128
48, 96, 0.0212206164719991
48, 97, 0.0210378693557378
48, 98, 0.0208274166170006
48, 99, 0.020589465327493
48, 100, 0.0203242708746321
48, 101, 0.0200321443759456
48, 102, 0.019713460753712
48, 103, 0.019368667395193
48, 104, 0.0189982933144184
48, 105, 0.0186029587220096
48, 106, 0.0181833849001039
48, 107, 0.0177404042702262
48, 108, 0.017274970533159
48, 109, 0.0167881687516715
48, 110, 0.0162812252396222
48, 111, 0.015755517114681
48, 112, 0.01521258136694
48, 113, 0.0146541232922515
48, 114, 0.014082024137444
48, 115, 0.0134983478048261
48, 116, 0.0129053464657703
48, 117, 0.012305464937805
48, 118, 0.0117013436866388
48, 119, 0.0110958203239574
48, 120, 0.0104919294836679
48, 121, 0.00989290097348934
48, 122, 0.00930215611530554
48, 123, 0.00872330220634213
48, 124, 0.00816012505383725
48, 125, 0.00761657955815077
48, 126, 0.00709677834293939
48, 127, 0.00660497845575067
48, 128, 0.00614556618778654
48, 129, 0.00572304008724894
48, 130, 0.00534199226618604
48, 131, 0.00500708812564833
48, 132, 0.00472304464781907
48, 133, 0.00449460742614439
48, 134, 0.00432652662495202
48, 135, 0.00422353207820016
48, 136, 0.00419030775250107
48, 137, 0.00423146581207267
48, 138, 0.00435152053254873
48, 139, 0.00455486231638794
48, 140, 0.00484573206483963
48, 141, 0.00522819615995305
48, 142, 0.00570612230495867
48, 143, 0.00628315646255658
48, 144, 0.00696270111835535
48, 145, 0.00774789508109897
48, 146, 0.0086415950126795
48, 147, 0.00964635885954901
48, 148, 0.0107644313334239
48, 149, 0.011997731563487
48, 150, 0.0133478430151315
48, 151, 0.0148160057420886
48, 152, 0.0164031110100657
48, 153, 0.0181096983012486
48, 154, 0.0199359546807148
48, 155, 0.0218817164784008
48, 156, 0.0239464732142448
48, 157, 0.0261293736698648
48, 158, 0.0284292339880149
48, 159, 0.0308445476614059
48, 160, 0.0333734972555342
48, 161, 0.0360139676961212
48, 162, 0.0387635609408013
48, 163, 0.0416196118468192
48, 164, 0.0445792050417926
48, 165, 0.0476391926029147
48, 166, 0.0507962123513136
48, 167, 0.0540467065723725
48, 168, 0.0573869409795217
48, 169, 0.0608130237480299
48, 170, 0.0643209244563919
48, 171, 0.0679064927856904
48, 172, 0.0715654768414898
48, 173, 0.0752935409780478
48, 174, 0.0790862830205507
48, 175, 0.0829392507973803
48, 176, 0.086847957910733
48, 177, 0.0908078986899825
48, 178, 0.0948145622876709
48, 179, 0.0988634458927242
48, 180, 0.102950067049148
48, 181, 0.107069975080945
48, 182, 0.111218761635101
48, 183, 0.115392070364158
48, 184, 0.119585605778006
48, 185, 0.123795141301127
48, 186, 0.12801652657656
48, 187, 0.132245694061324
48, 188, 0.136478664960194
48, 189, 0.1407115545454
48, 190, 0.144940576909361
48, 191, 0.149162049195979
48, 192, 0.153372395353534
48, 193, 0.15756814944891
48, 194, 0.161745958579054
48, 195, 0.165902585411197
48, 196, 0.170034910378869
48, 197, 0.174139933555987
48, 198, 0.178214776226742
48, 199, 0.182256682164523
48, 200, 0.186263018629
48, 201, 0.190231277086844
48, 202, 0.194159073658253
48, 203, 0.198044149288969
48, 204, 0.201884369645378
48, 205, 0.205677724729007
48, 206, 0.209422328206033
48, 207, 0.213116416447392
48, 208, 0.216758347275686
48, 209, 0.22034659841623
48, 210, 0.223879765651284
48, 211, 0.227356560678612
48, 212, 0.230775808678008
48, 213, 0.234136445592166
48, 214, 0.237437515131217
48, 215, 0.240678165513193
48, 216, 0.243857645955805
48, 217, 0.246975302937642
48, 218, 0.250030576249765
48, 219, 0.253022994860985
48, 220, 0.255952172622313
48, 221, 0.258817803837754
48, 222, 0.261619658729946
48, 223, 0.264357578829962
48, 224, 0.26703147232103
48, 225, 0.269641309365752
48, 226, 0.272187117445923
48, 227, 0.274668976742978
48, 228, 0.277087015585716
48, 229, 0.279441405990189
48, 230, 0.281732359314473
48, 231, 0.283960122048723
48, 232, 0.286124971758339
48, 233, 0.288227213195339
48, 234, 0.290267174590192
48, 235, 0.292245204133637
48, 236, 0.294161666655161
48, 237, 0.296016940502083
48, 238, 0.297811414620735
48, 239, 0.299545485838757
48, 240, 0.301219556345395
48, 241, 0.302834031364768
48, 242, 0.304389317015416
48, 243, 0.305885818348001
48, 244, 0.307323937552001
48, 245, 0.30870407232132
48, 246, 0.310026614368224
48, 247, 0.311291948074644
48, 248, 0.312500449269844
48, 249, 0.313652484123561
48, 250, 0.314748408144027
48, 251, 0.315788565270745
48, 252, 0.316773287052556
48, 253, 0.317702891902134
48, 254, 0.31857768441891
48, 255, 0.319397954773213
48, 256, 0.320163978145259
48, 257, 0.320876014213494
48, 258, 0.321534306687587
48, 259, 0.322139082882189
48, 260, 0.322690553328294
48, 261, 0.323188911419713
48, 262, 0.323634333092763
48, 263, 0.324026976537838
48, 264, 0.324366981941889
48, 265, 0.324654471261278
48, 266, 0.324889548024727
48, 267, 0.325072297166256
48, 268, 0.325202784888196
48, 269, 0.325281058554389
48, 270, 0.325307146613758
48, 271, 0.325281058554388
48, 272, 0.325202784888196
48, 273, 0.325072297166257
48, 274, 0.324889548024727
48, 275, 0.324654471261277
48, 276, 0.324366981941889
48, 277, 0.324026976537837
48, 278, 0.323634333092762
48, 279, 0.32318891141971
48, 280, 0.322690553328295
48, 281, 0.32213908288219
48, 282, 0.321534306687586
48, 283, 0.320876014213493
48, 284, 0.320163978145259
48, 285, 0.319397954773213
48, 286, 0.318577684418909
48, 287, 0.317702891902133
48, 288, 0.316773287052554
48, 289, 0.315788565270744
48, 290, 0.314748408144026
48, 291, 0.313652484123562
48, 292, 0.312500449269846
48, 293, 0.311291948074644
48, 294, 0.310026614368224
48, 295, 0.30870407232132
48, 296, 0.307323937551999
48, 297, 0.305885818348
48, 298, 0.304389317015415
48, 299, 0.302834031364768
48, 300, 0.301219556345393
48, 301, 0.299545485838757
48, 302, 0.297811414620736
48, 303, 0.296016940502082
48, 304, 0.29416166665516
48, 305, 0.292245204133637
48, 306, 0.290267174590189
48, 307, 0.288227213195338
48, 308, 0.286124971758339
48, 309, 0.283960122048721
48, 310, 0.281732359314472
48, 311, 0.279441405990188
48, 312, 0.277087015585715
48, 313, 0.274668976742976
48, 314, 0.272187117445924
48, 315, 0.269641309365752
48, 316, 0.26703147232103
48, 317, 0.264357578829963
48, 318, 0.261619658729946
48, 319, 0.258817803837754
48, 320, 0.255952172622312
48, 321, 0.253022994860984
48, 322, 0.250030576249765
48, 323, 0.246975302937642
48, 324, 0.243857645955805
48, 325, 0.240678165513194
48, 326, 0.237437515131218
48, 327, 0.234136445592166
48, 328, 0.230775808678008
48, 329, 0.227356560678611
48, 330, 0.223879765651284
48, 331, 0.220346598416229
48, 332, 0.216758347275685
48, 333, 0.213116416447392
48, 334, 0.209422328206033
48, 335, 0.205677724729007
48, 336, 0.201884369645378
48, 337, 0.198044149288968
48, 338, 0.194159073658254
48, 339, 0.190231277086845
48, 340, 0.186263018629
48, 341, 0.182256682164522
48, 342, 0.178214776226742
48, 343, 0.174139933555986
48, 344, 0.170034910378869
48, 345, 0.165902585411197
48, 346, 0.161745958579054
48, 347, 0.15756814944891
48, 348, 0.153372395353534
48, 349, 0.149162049195979
48, 350, 0.144940576909361
48, 351, 0.1407115545454
48, 352, 0.136478664960194
48, 353, 0.132245694061324
48, 354, 0.12801652657656
48, 355, 0.123795141301127
48, 356, 0.119585605778005
48, 357, 0.115392070364159
48, 358, 0.111218761635102
48, 359, 0.107069975080945
48, 360, 0.102950067049148
49, 0, 0.101034138411521
49, 1, 0.0969674986023559
49, 2, 0.0929402489212726
49, 3, 0.0889569080905872
49, 4, 0.0850220159593969
49, 5, 0.081140121145596
49, 6, 0.0773157677305745
49, 7, 0.073553481012086
49, 8, 0.0698577523353837
49, 9, 0.0662330230386198
49, 10, 0.0626836675653488
49, 11, 0.0592139758145468
49, 12, 0.0558281348165623
49, 13, 0.0525302098414295
49, 14, 0.0493241250637359
49, 15, 0.0462136439253128
49, 16, 0.0432023493529884
49, 17, 0.0402936240032144
49, 18, 0.0374906307180846
49, 19, 0.0347962933877663
49, 20, 0.0322132784223936
49, 21, 0.0297439770416069
49, 22, 0.0273904885920814
49, 23, 0.0251546051021898
49, 24, 0.023037797278431
49, 25, 0.021041202140216
49, 26, 0.0191656124781304
49, 27, 0.0174114683059087
49, 28, 0.0157788504582191
49, 29, 0.0142674764651943
49, 30, 0.0128766988107137
49, 31, 0.0116055056551177
49, 32, 0.0104525240747
49, 33, 0.00941602584044589
49, 34, 0.00849393572755417
49, 35, 0.00768384231580938
49, 36, 0.00698301120943034
49, 37, 0.00638840057412703
49, 38, 0.00589667885931885
49, 39, 0.00550424454532402
49, 40, 0.00520724772932014
49, 41, 0.00500161334046248
49, 42, 0.00488306575414701
49, 43, 0.00484715455836147
49, 44, 0.0048892812116848
49, 45, 0.00500472632297499
49, 46, 0.00518867727728877
49, 47, 0.00543625593114872
49, 48, 0.00574254610292293
49, 49, 0.00610262059069854
49, 50, 0.00651156746046318
49, 51, 0.00696451536141978
49, 52, 0.00745665764253837
49, 53, 0.00798327506466011
49, 54, 0.00853975692519241
49, 55, 0.00912162043722824
49, 56, 0.00972452823132819
49, 57, 0.010344303875717
49, 58, 0.0109769453387795
49, 59, 0.0116186363459999
49, 60, 0.0122657556113965
49, 61, 0.012914883950599
49, 62, 0.0135628093085989
49, 63, 0.0142065297594642
49, 64, 0.0148432545576504
49, 65, 0.0154704033406643
49, 66, 0.0160856036005248
49, 67, 0.0166866865565759
49, 68, 0.0172716815746225
49, 69, 0.0178388092870575
49, 70, 0.0183864735756367
49, 71, 0.018913252582927
49, 72, 0.0194178889203127
49, 73, 0.0198992792399692
49, 74, 0.0203564633356074
49, 75, 0.0207886129322846
49, 76, 0.021195020319427
49, 77, 0.0215750869736798
49, 78, 0.021928312309559
49, 79, 0.0222542826864022
49, 80, 0.0225526607900509
49, 81, 0.0228231754972916
49, 82, 0.0230656123205473
49, 83, 0.0232798045198352
49, 84, 0.0234656249587613
49, 85, 0.023622978771397
49, 86, 0.023751796897406
49, 87, 0.0238520305337899
49, 88, 0.02392364654311
49, 89, 0.0239666238500231
49, 90, 0.0239809508503936
49, 91, 0.0239666238500231
49, 92, 0.0239236465431101
49, 93, 0.0238520305337899
49, 94, 0.0237517968974057
49, 95, 0.0236229787713969
49, 96, 0.0234656249587613
49, 97, 0.023279804519835
49, 98, 0.0230656123205472
49, 99, 0.0228231754972917
49, 100, 0.0225526607900508
49, 101, 0.0222542826864022
49, 102, 0.021928312309559
49, 103, 0.0215750869736798
49, 104, 0.021195020319427
49, 105, 0.0207886129322847
49, 106, 0.0203564633356074
49, 107, 0.0198992792399692
49, 108, 0.0194178889203126
49, 109, 0.0189132525829271
49, 110, 0.0183864735756367
49, 111, 0.0178388092870575
49, 112, 0.0172716815746224
49, 113, 0.0166866865565757
49, 114, 0.0160856036005248
49, 115, 0.0154704033406643
49, 116, 0.0148432545576503
49, 117, 0.0142065297594642
49, 118, 0.013562809308599
49, 119, 0.0129148839505989
49, 120, 0.0122657556113964
49, 121, 0.011618636346
49, 122, 0.0109769453387795
49, 123, 0.010344303875717
49, 124, 0.00972452823132821
49, 125, 0.0091216204372282
49, 126, 0.00853975692519239
49, 127, 0.00798327506466011
49, 128, 0.00745665764253827
49, 129, 0.00696451536141986
49, 130, 0.00651156746046316
49, 131, 0.00610262059069857
49, 132, 0.00574254610292304
49, 133, 0.0054362559311488
49, 134, 0.00518867727728869
49, 135, 0.005004726322975
49, 136, 0.00488928121168472
49, 137, 0.00484715455836145
49, 138, 0.00488306575414701
49, 139, 0.00500161334046253
49, 140, 0.00520724772932008
49, 141, 0.00550424454532407
49, 142, 0.00589667885931876
49, 143, 0.00638840057412708
49, 144, 0.00698301120943033
49, 145, 0.00768384231580932
49, 146, 0.00849393572755418
49, 147, 0.00941602584044589
49, 148, 0.0104525240746999
49, 149, 0.0116055056551179
49, 150, 0.0128766988107138
49, 151, 0.0142674764651943
49, 152, 0.015778850458219
49, 153, 0.0174114683059086
49, 154, 0.0191656124781304
49, 155, 0.021041202140216
49, 156, 0.0230377972784312
49, 157, 0.0251546051021898
49, 158, 0.0273904885920812
49, 159, 0.0297439770416071
49, 160, 0.0322132784223935
49, 161, 0.0347962933877664
49, 162, 0.0374906307180845
49, 163, 0.0402936240032146
49, 164, 0.0432023493529881
49, 165, 0.0462136439253128
49, 166, 0.0493241250637359
49, 167, 0.0525302098414294
49, 168, 0.0558281348165624
49, 169, 0.0592139758145469
49, 170, 0.0626836675653489
49, 171, 0.0662330230386198
49, 172, 0.0698577523353835
49, 173, 0.0735534810120864
49, 174, 0.0773157677305747
49, 175, 0.0811401211455961
49, 176, 0.0850220159593968
49, 177, 0.0889569080905873
49, 178, 0.0929402489212727
49, 179, 0.0969674986023558
49, 180, 0.101034138411521
49, 181, 0.105135682171676
49, 182, 0.109267686749227
49, 183, 0.113425761661596
49, 184, 0.117605577831551
49, 185, 0.121802875532443
49, 186, 0.126013471573131
49, 187, 0.13023326577444
49, 188, 0.134458246790424
49, 189, 0.138684497327685
49, 190, 0.142908198814629
49, 191, 0.147125635570039
49, 192, 0.151333198516799
49, 193, 0.155527388482344
49, 194, 0.15970481912247
49, 195, 0.163862219499848
49, 196, 0.167996436343082
49, 197, 0.17210443600658
49, 198, 0.176183306146127
49, 199, 0.180230257119913
49, 200, 0.184242623120137
49, 201, 0.188217863036163
49, 202, 0.192153561046739
49, 203, 0.196047426936035
49, 204, 0.19989729612629
49, 205, 0.203701129418629
49, 206, 0.207457012433236
49, 207, 0.211163154740408
49, 208, 0.214817888675118
49, 209, 0.218419667829466
49, 210, 0.221967065219725
49, 211, 0.22545877112753
49, 212, 0.22889359061801
49, 213, 0.232270440741141
49, 214, 0.235588347426302
49, 215, 0.238846442083797
49, 216, 0.242043957930723
49, 217, 0.245180226062189
49, 218, 0.248254671292077
49, 219, 0.251266807790532
49, 220, 0.254216234547829
49, 221, 0.257102630696284
49, 222, 0.259925750723382
49, 223, 0.26268541961018
49, 224, 0.265381527929409
49, 225, 0.268014026937441
49, 226, 0.270582923693506
49, 227, 0.273088276238182
49, 228, 0.275530188861405
49, 229, 0.277908807487922
49, 230, 0.280224315205603
49, 231, 0.28247692795896
49, 232, 0.284666890427157
49, 233, 0.286794472102486
49, 234, 0.288859963581858
49, 235, 0.290863673080527
49, 236, 0.292805923173888
49, 237, 0.294687047770059
49, 238, 0.296507389312957
49, 239, 0.298267296212763
49, 240, 0.29996712049827
49, 241, 0.30160721568336
49, 242, 0.303187934838079
49, 243, 0.304709628853179
49, 244, 0.306172644885956
49, 245, 0.307577324974216
49, 246, 0.308924004804904
49, 247, 0.310213012623481
49, 248, 0.311444668270423
49, 249, 0.312619282331391
49, 250, 0.313737155388216
49, 251, 0.314798577358538
49, 252, 0.315803826912784
49, 253, 0.316753170958167
49, 254, 0.31764686418037
49, 255, 0.318485148634748
49, 256, 0.319268253379839
49, 257, 0.319996394147223
49, 258, 0.320669773042626
49, 259, 0.321288578274293
49, 260, 0.321852983905431
49, 261, 0.322363149628435
49, 262, 0.32281922055924
49, 263, 0.323221327050787
49, 264, 0.323569584525074
49, 265, 0.32386409332369
49, 266, 0.324104938576944
49, 267, 0.324292190091975
49, 268, 0.324425902260305
49, 269, 0.324506113985275
49, 270, 0.324532848629875
49, 271, 0.324506113985276
49, 272, 0.324425902260305
49, 273, 0.324292190091975
49, 274, 0.324104938576943
49, 275, 0.323864093323691
49, 276, 0.323569584525074
49, 277, 0.323221327050788
49, 278, 0.322819220559242
49, 279, 0.322363149628435
49, 280, 0.321852983905432
49, 281, 0.321288578274294
49, 282, 0.320669773042627
49, 283, 0.319996394147222
49, 284, 0.319268253379839
49, 285, 0.318485148634746
49, 286, 0.317646864180371
49, 287, 0.316753170958166
49, 288, 0.315803826912785
49, 289, 0.314798577358539
49, 290, 0.313737155388217
49, 291, 0.312619282331391
49, 292, 0.311444668270423
49, 293, 0.310213012623481
49, 294, 0.308924004804903
49, 295, 0.307577324974214
49, 296, 0.306172644885954
49, 297, 0.304709628853179
49, 298, 0.303187934838078
49, 299, 0.301607215683359
49, 300, 0.299967120498269
49, 301, 0.298267296212764
49, 302, 0.296507389312958
49, 303, 0.29468704777006
49, 304, 0.292805923173888
49, 305, 0.290863673080527
49, 306, 0.288859963581858
49, 307, 0.286794472102485
49, 308, 0.284666890427159
49, 309, 0.282476927958961
49, 310, 0.280224315205604
49, 311, 0.277908807487922
49, 312, 0.275530188861404
49, 313, 0.273088276238183
49, 314, 0.270582923693506
49, 315, 0.268014026937441
49, 316, 0.265381527929408
49, 317, 0.26268541961018
49, 318, 0.259925750723383
49, 319, 0.257102630696284
49, 320, 0.254216234547829
49, 321, 0.251266807790532
49, 322, 0.248254671292076
49, 323, 0.24518022606219
49, 324, 0.242043957930724
49, 325, 0.238846442083796
49, 326, 0.235588347426302
49, 327, 0.23227044074114
49, 328, 0.228893590618011
49, 329, 0.225458771127529
49, 330, 0.221967065219725
49, 331, 0.218419667829466
49, 332, 0.214817888675118
49, 333, 0.211163154740408
49, 334, 0.207457012433236
49, 335, 0.20370112941863
49, 336, 0.19989729612629
49, 337, 0.196047426936036
49, 338, 0.19215356104674
49, 339, 0.188217863036163
49, 340, 0.184242623120137
49, 341, 0.180230257119912
49, 342, 0.176183306146127
49, 343, 0.17210443600658
49, 344, 0.167996436343081
49, 345, 0.163862219499848
49, 346, 0.159704819122471
49, 347, 0.155527388482344
49, 348, 0.151333198516798
49, 349, 0.147125635570038
49, 350, 0.14290819881463
49, 351, 0.138684497327685
49, 352, 0.134458246790424
49, 353, 0.130233265774439
49, 354, 0.12601347157313
49, 355, 0.121802875532443
49, 356, 0.117605577831551
49, 357, 0.113425761661597
49, 358, 0.109267686749227
49, 359, 0.105135682171675
49, 360, 0.101034138411522
50, 0, 0.0990675619193069
50, 1, 0.0950267802763071
50, 2, 0.0910270799586409
50, 3, 0.0870730067622514
50, 4, 0.0831691280539361
50, 5, 0.0793200204229037
50, 6, 0.0755302563346648
50, 7, 0.0718043897855546
50, 8, 0.0681469409717822
50, 9, 0.0645623800039621
50, 10, 0.0610551097163221
50, 11, 0.0576294476389418
50, 12, 0.0542896072210865
50, 13, 0.051039678413579
50, 14, 0.0478836077378438
50, 15, 0.0448251779882831
50, 16, 0.0418679877325909
50, 17, 0.0390154307910705
50, 18, 0.0362706758905045
50, 19, 0.0336366467002983
50, 20, 0.0311160024680418
50, 21, 0.0287111194779888
50, 22, 0.026424073558994
50, 23, 0.0242566238678769
50, 24, 0.0222101981698739
50, 25, 0.0202858798297436
50, 26, 0.0184843967150991
50, 27, 0.016806112197844
50, 28, 0.015251018420228
50, 29, 0.0138187319693346
50, 30, 0.0125084920780103
50, 31, 0.0113191614417596
50, 32, 0.0102492297104154
50, 33, 0.00929681968089649
50, 34, 0.00845969618371141
50, 35, 0.00773527762156019
50, 36, 0.00712065008408834
50, 37, 0.00661258392912374
50, 38, 0.00620755268821045
50, 39, 0.0059017541235156
50, 40, 0.00569113323478975
50, 41, 0.00557140698949993
50, 42, 0.00553809052702366
50, 43, 0.00558652456922614
50, 44, 0.00571190375522198
50, 45, 0.00590930560784885
50, 46, 0.00617371983351797
50, 47, 0.00650007765574256
50, 48, 0.00688328088574809
50, 49, 0.00731823044103615
50, 50, 0.00779985403444234
50, 51, 0.00832313277180551
50, 52, 0.00888312641554478
50, 53, 0.00947499709381168
50, 54, 0.0100940312600002
50, 55, 0.0107356597347679
50, 56, 0.0113954756918164
50, 57, 0.012069250478965
50, 58, 0.0127529471969619
50, 59, 0.0134427319894765
50, 60, 0.0141349830282704
50, 61, 0.0148262972071468
50, 62, 0.0155134945864603
50, 63, 0.0161936206563297
50, 64, 0.0168639465108364
50, 65, 0.0175219670471519
50, 66, 0.0181653973224348
50, 67, 0.0187921672173418
50, 68, 0.0194004145679713
50, 69, 0.0199884769380075
50, 70, 0.0205548822097449
50, 71, 0.0210983381766948
50, 72, 0.021617721321697
50, 73, 0.0221120649631506
50, 74, 0.0225805469483025
50, 75, 0.0230224770668262
50, 76, 0.0234372843504445
50, 77, 0.0238245044154171
50, 78, 0.0241837669946511
50, 79, 0.0245147837952789
50, 80, 0.0248173368061163
50, 81, 0.0250912671677012
50, 82, 0.0253364647058919
50, 83, 0.0255528582184639
50, 84, 0.025740406592991
50, 85, 0.0258990908236171
50, 86, 0.0260289069842694
50, 87, 0.0261298602064344
50, 88, 0.0262019597008421
50, 89, 0.026245214854278
50, 90, 0.026259632425142
50, 91, 0.026245214854278
50, 92, 0.0262019597008419
50, 93, 0.0261298602064344
50, 94, 0.0260289069842695
50, 95, 0.0258990908236171
50, 96, 0.0257404065929909
50, 97, 0.0255528582184638
50, 98, 0.0253364647058919
50, 99, 0.0250912671677012
50, 100, 0.0248173368061163
50, 101, 0.0245147837952789
50, 102, 0.0241837669946509
50, 103, 0.023824504415417
50, 104, 0.0234372843504444
50, 105, 0.0230224770668263
50, 106, 0.0225805469483024
50, 107, 0.0221120649631505
50, 108, 0.021617721321697
50, 109, 0.0210983381766949
50, 110, 0.020554882209745
50, 111, 0.0199884769380074
50, 112, 0.0194004145679713
50, 113, 0.0187921672173417
50, 114, 0.018165397322435
50, 115, 0.0175219670471517
50, 116, 0.0168639465108363
50, 117, 0.0161936206563297
50, 118, 0.0155134945864604
50, 119, 0.0148262972071467
50, 120, 0.0141349830282703
50, 121, 0.0134427319894765
50, 122, 0.012752947196962
50, 123, 0.012069250478965
50, 124, 0.0113954756918164
50, 125, 0.0107356597347679
50, 126, 0.0100940312600002
50, 127, 0.00947499709381164
50, 128, 0.00888312641554481
50, 129, 0.00832313277180559
50, 130, 0.0077998540344423
50, 131, 0.00731823044103616
50, 132, 0.00688328088574812
50, 133, 0.0065000776557426
50, 134, 0.00617371983351794
50, 135, 0.00590930560784882
50, 136, 0.00571190375522195
50, 137, 0.00558652456922622
50, 138, 0.00553809052702388
50, 139, 0.00557140698949994
50, 140, 0.00569113323478969
50, 141, 0.00590175412351573
50, 142, 0.00620755268821034
50, 143, 0.00661258392912387
50, 144, 0.00712065008408825
50, 145, 0.00773527762156007
50, 146, 0.00845969618371144
50, 147, 0.00929681968089654
50, 148, 0.0102492297104155
50, 149, 0.0113191614417596
50, 150, 0.0125084920780103
50, 151, 0.0138187319693346
50, 152, 0.015251018420228
50, 153, 0.0168061121978437
50, 154, 0.0184843967150992
50, 155, 0.0202858798297436
50, 156, 0.0222101981698739
50, 157, 0.0242566238678766
50, 158, 0.0264240735589943
50, 159, 0.0287111194779888
50, 160, 0.0311160024680417
50, 161, 0.0336366467002986
50, 162, 0.0362706758905043
50, 163, 0.0390154307910708
50, 164, 0.0418679877325911
50, 165, 0.0448251779882832
50, 166, 0.0478836077378437
50, 167, 0.0510396784135787
50, 168, 0.0542896072210867
50, 169, 0.0576294476389419
50, 170, 0.061055109716322
50, 171, 0.0645623800039621
50, 172, 0.0681469409717819
50, 173, 0.0718043897855546
50, 174, 0.0755302563346652
50, 175, 0.0793200204229038
50, 176, 0.0831691280539365
50, 177, 0.0870730067622513
50, 178, 0.0910270799586411
50, 179, 0.0950267802763075
50, 180, 0.0990675619193068
50, 181, 0.103144912028977
50, 182, 0.10725436109612
50, 183, 0.11139149245693
50, 184, 0.115551950918879
50, 185, 0.119731450569036
50, 186, 0.123925781821567
50, 187, 0.128130817763638
50, 188, 0.132342519859544
50, 189, 0.136556943072043
50, 190, 0.140770240457411
50, 191, 0.144978667287175
50, 192, 0.149178584744832
50, 193, 0.153366463240374
50, 194, 0.157538885379431
50, 195, 0.161692548617445
50, 196, 0.165824267622712
50, 197, 0.169930976365645
50, 198, 0.174009729945438
50, 199, 0.178057706159403
50, 200, 0.182072206815129
50, 201, 0.186050658781
50, 202, 0.189990614766951
50, 203, 0.193889753824472
50, 204, 0.197745881552954
50, 205, 0.20155692999852
50, 206, 0.205320957231411
50, 207, 0.209036146588901
50, 208, 0.212700805572381
50, 209, 0.21631336438975
50, 210, 0.219872374137385
50, 211, 0.22337650461959
50, 212, 0.22682454180768
50, 213, 0.230215384945095
50, 214, 0.233548043309679
50, 215, 0.236821632648748
50, 216, 0.240035371307154
50, 217, 0.243188576072736
50, 218, 0.246280657767556
50, 219, 0.249311116616692
50, 220, 0.252279537429352
50, 221, 0.255185584629365
50, 222, 0.258028997173766
50, 223, 0.260809583399142
50, 224, 0.263527215835696
50, 225, 0.26618182602852
50, 226, 0.268773399404444
50, 227, 0.271301970221148
50, 228, 0.273767616632809
50, 229, 0.276170455903785
50, 230, 0.278510639798587
50, 231, 0.280788350172744
50, 232, 0.283003794785392
50, 233, 0.285157203350306
50, 234, 0.287248823838181
50, 235, 0.289278919038752
50, 236, 0.291247763387566
50, 237, 0.293155640058354
50, 238, 0.295002838318525
50, 239, 0.296789651142099
50, 240, 0.298516373071534
50, 241, 0.30018329831748
50, 242, 0.301790719083455
50, 243, 0.303338924100796
50, 244, 0.304828197358016
50, 245, 0.306258817007981
50, 246, 0.307631054435774
50, 247, 0.308945173470196
50, 248, 0.310201429722013
50, 249, 0.311400070032716
50, 250, 0.312541332018276
50, 251, 0.313625443693459
50, 252, 0.314652623163366
50, 253, 0.315623078370205
50, 254, 0.316537006884616
50, 255, 0.317394595732236
50, 256, 0.318196021247633
50, 257, 0.318941448949015
50, 258, 0.319631033428443
50, 259, 0.320264918253445
50, 260, 0.32084323587702
50, 261, 0.32136610755399
50, 262, 0.321833643262458
50, 263, 0.322245941629882
50, 264, 0.322603089863765
50, 265, 0.322905163687429
50, 266, 0.323152227281617
50, 267, 0.323344333232828
50, 268, 0.32348152248936
50, 269, 0.323563824325993
50, 270, 0.323591256318125
50, 271, 0.323563824325992
50, 272, 0.32348152248936
50, 273, 0.323344333232829
50, 274, 0.323152227281618
50, 275, 0.32290516368743
50, 276, 0.322603089863766
50, 277, 0.322245941629882
50, 278, 0.321833643262457
50, 279, 0.321366107553989
50, 280, 0.320843235877019
50, 281, 0.320264918253444
50, 282, 0.319631033428442
50, 283, 0.318941448949014
50, 284, 0.318196021247633
50, 285, 0.317394595732235
50, 286, 0.316537006884615
50, 287, 0.315623078370206
50, 288, 0.314652623163365
50, 289, 0.313625443693459
50, 290, 0.312541332018278
50, 291, 0.311400070032714
50, 292, 0.310201429722014
50, 293, 0.308945173470196
50, 294, 0.307631054435776
50, 295, 0.306258817007981
50, 296, 0.304828197358015
50, 297, 0.303338924100796
50, 298, 0.301790719083456
50, 299, 0.300183298317479
50, 300, 0.298516373071533
50, 301, 0.296789651142098
50, 302, 0.295002838318524
50, 303, 0.293155640058353
50, 304, 0.291247763387567
50, 305, 0.289278919038751
50, 306, 0.28724882383818
50, 307, 0.285157203350305
50, 308, 0.283003794785391
50, 309, 0.280788350172745
50, 310, 0.278510639798585
50, 311, 0.276170455903786
50, 312, 0.273767616632809
50, 313, 0.271301970221147
50, 314, 0.268773399404444
50, 315, 0.266181826028519
50, 316, 0.263527215835697
50, 317, 0.260809583399142
50, 318, 0.258028997173766
50, 319, 0.255185584629365
50, 320, 0.252279537429351
50, 321, 0.249311116616693
50, 322, 0.246280657767557
50, 323, 0.243188576072736
50, 324, 0.240035371307152
50, 325, 0.236821632648748
50, 326, 0.233548043309679
50, 327, 0.230215384945095
50, 328, 0.22682454180768
50, 329, 0.223376504619591
50, 330, 0.219872374137384
50, 331, 0.21631336438975
50, 332, 0.212700805572381
50, 333, 0.209036146588901
50, 334, 0.205320957231412
50, 335, 0.201556929998519
50, 336, 0.197745881552953
50, 337, 0.193889753824471
50, 338, 0.189990614766951
50, 339, 0.186050658781
50, 340, 0.182072206815128
50, 341, 0.178057706159402
50, 342, 0.174009729945437
50, 343, 0.169930976365645
50, 344, 0.165824267622712
50, 345, 0.161692548617446
50, 346, 0.15753888537943
50, 347, 0.153366463240373
50, 348, 0.149178584744832
50, 349, 0.144978667287175
50, 350, 0.140770240457411
50, 351, 0.136556943072044
50, 352, 0.132342519859544
50, 353, 0.128130817763638
50, 354, 0.123925781821568
50, 355, 0.119731450569036
50, 356, 0.115551950918879
50, 357, 0.111391492456929
50, 358, 0.10725436109612
50, 359, 0.103144912028978
50, 360, 0.0990675619193073
51, 0, 0.0970533265400316
51, 1, 0.0930441653902579
51, 2, 0.0890778104148227
51, 3, 0.0851588254117579
51, 4, 0.0812917958233222
51, 5, 0.0774813164459416
51, 6, 0.0737319780953247
51, 7, 0.0700483532169624
51, 8, 0.0664349804487343
51, 9, 0.0628963481606036
51, 10, 0.059436877016036
51, 11, 0.056060901620549
51, 12, 0.0527726513443212
51, 13, 0.049576230427595
51, 14, 0.0464755974993328
51, 15, 0.0434745446607065
51, 16, 0.0405766763050143
51, 17, 0.0377853878641279
51, 18, 0.0351038446879794
51, 19, 0.0325349612775421
51, 20, 0.0300813811027451
51, 21, 0.0277454572444461
51, 22, 0.02552923410363
51, 23, 0.0234344304211149
51, 24, 0.0214624238470898
51, 25, 0.0196142372916319
51, 26, 0.0178905272749448
51, 27, 0.0162915744795041
51, 28, 0.0148172766857444
51, 29, 0.0134671442486092
51, 30, 0.0122402982445758
51, 31, 0.0111354713880596
51, 32, 0.0101510117828768
51, 33, 0.00928488953928309
51, 34, 0.00853470625057513
51, 35, 0.00789770728600774
51, 36, 0.00737079681948898
51, 37, 0.00695055547685494
51, 38, 0.00663326044914662
51, 39, 0.0064149078858746
51, 40, 0.00629123735136235
51, 41, 0.00625775809947915
51, 42, 0.00630977689790445
51, 43, 0.00644242711294453
51, 44, 0.00665069875019352
51, 45, 0.0069294691352768
51, 46, 0.0072735339126818
51, 47, 0.00767763803937394
51, 48, 0.0081365064534779
51, 49, 0.00864487410666927
51, 50, 0.00919751506186855
51, 51, 0.00978927037506234
51, 52, 0.0104150745012314
51, 53, 0.0110699799890027
51, 54, 0.0117491802562684
51, 55, 0.0124480302690745
51, 56, 0.0131620649780134
51, 57, 0.0138870153995346
51, 58, 0.0146188222634234
51, 59, 0.0153536471815697
51, 60, 0.0160878813264866
51, 61, 0.0168181516402535
51, 62, 0.0175413246251834
51, 63, 0.0182545077960317
51, 64, 0.0189550488996141
51, 65, 0.0196405330309377
51, 66, 0.0203087777951
51, 67, 0.0209578266811072
51, 68, 0.0215859408273036
51, 69, 0.0221915893682414
51, 70, 0.0227734385596167
51, 71, 0.0233303398814659
51, 72, 0.0238613173203308
51, 73, 0.0243655540287935
51, 74, 0.0248423785559472
51, 75, 0.025291250835291
51, 76, 0.0257117481075983
51, 77, 0.0261035509458274
51, 78, 0.0264664295374998
51, 79, 0.0268002303675044
51, 80, 0.0271048634313548
51, 81, 0.0273802900958105
51, 82, 0.0276265117107645
51, 83, 0.0278435590636548
51, 84, 0.0280314827555247
51, 85, 0.02819034456644
51, 86, 0.0283202098673179
51, 87, 0.0284211411254076
51, 88, 0.0284931925416882
51, 89, 0.0285364058502555
51, 90, 0.0285508073022837
51, 91, 0.0285364058502554
51, 92, 0.0284931925416884
51, 93, 0.0284211411254076
51, 94, 0.028320209867318
51, 95, 0.0281903445664401
51, 96, 0.0280314827555246
51, 97, 0.0278435590636548
51, 98, 0.0276265117107645
51, 99, 0.0273802900958103
51, 100, 0.0271048634313548
51, 101, 0.0268002303675043
51, 102, 0.0264664295374998
51, 103, 0.0261035509458273
51, 104, 0.025711748107598
51, 105, 0.0252912508352909
51, 106, 0.0248423785559473
51, 107, 0.0243655540287935
51, 108, 0.0238613173203307
51, 109, 0.0233303398814662
51, 110, 0.0227734385596168
51, 111, 0.0221915893682413
51, 112, 0.0215859408273036
51, 113, 0.0209578266811072
51, 114, 0.0203087777951
51, 115, 0.0196405330309378
51, 116, 0.018955048899614
51, 117, 0.0182545077960317
51, 118, 0.0175413246251834
51, 119, 0.0168181516402533
51, 120, 0.0160878813264865
51, 121, 0.0153536471815698
51, 122, 0.0146188222634233
51, 123, 0.0138870153995346
51, 124, 0.0131620649780132
51, 125, 0.0124480302690744
51, 126, 0.0117491802562684
51, 127, 0.0110699799890028
51, 128, 0.0104150745012313
51, 129, 0.00978927037506242
51, 130, 0.00919751506186845
51, 131, 0.0086448741066693
51, 132, 0.00813650645347785
51, 133, 0.00767763803937398
51, 134, 0.0072735339126818
51, 135, 0.0069294691352767
51, 136, 0.00665069875019355
51, 137, 0.00644242711294455
51, 138, 0.00630977689790444
51, 139, 0.00625775809947906
51, 140, 0.00629123735136237
51, 141, 0.00641490788587461
51, 142, 0.0066332604491466
51, 143, 0.00695055547685487
51, 144, 0.00737079681948904
51, 145, 0.00789770728600781
51, 146, 0.00853470625057532
51, 147, 0.00928488953928308
51, 148, 0.0101510117828769
51, 149, 0.0111354713880594
51, 150, 0.0122402982445758
51, 151, 0.0134671442486093
51, 152, 0.0148172766857444
51, 153, 0.016291574479504
51, 154, 0.0178905272749447
51, 155, 0.0196142372916319
51, 156, 0.0214624238470897
51, 157, 0.0234344304211149
51, 158, 0.0255292341036302
51, 159, 0.0277454572444461
51, 160, 0.0300813811027448
51, 161, 0.0325349612775421
51, 162, 0.0351038446879793
51, 163, 0.0377853878641278
51, 164, 0.0405766763050143
51, 165, 0.0434745446607067
51, 166, 0.0464755974993328
51, 167, 0.0495762304275949
51, 168, 0.0527726513443213
51, 169, 0.0560609016205488
51, 170, 0.0594368770160359
51, 171, 0.0628963481606037
51, 172, 0.0664349804487343
51, 173, 0.0700483532169622
51, 174, 0.0737319780953246
51, 175, 0.0774813164459414
51, 176, 0.0812917958233224
51, 177, 0.0851588254117573
51, 178, 0.0890778104148225
51, 179, 0.093044165390258
51, 180, 0.0970533265400316
51, 181, 0.101100762980002
51, 182, 0.105181987026147
51, 183, 0.109292563544685
51, 184, 0.113428118421552
51, 185, 0.117584346212603
51, 186, 0.121757017039659
51, 187, 0.125941982799186
51, 188, 0.130135182750168
51, 189, 0.13433264854573
51, 190, 0.138530508769527
51, 191, 0.142724993033089
51, 192, 0.146912435684379
51, 193, 0.151089279171078
51, 194, 0.155252077094855
51, 195, 0.159397496985217
51, 196, 0.163522322813935
51, 197, 0.167623457263506
51, 198, 0.171697923756031
51, 199, 0.175742868242325
51, 200, 0.179755560745329
51, 201, 0.183733396646924
51, 202, 0.187673897703366
51, 203, 0.191574712771657
51, 204, 0.195433618227429
51, 205, 0.199248518054217
51, 206, 0.203017443584512
51, 207, 0.206738552874393
51, 208, 0.210410129696058
51, 209, 0.214030582135863
51, 210, 0.217598440789586
51, 211, 0.221112356551312
51, 212, 0.224571097997492
51, 213, 0.227973548373209
51, 214, 0.231318702193269
51, 215, 0.234605661476352
51, 216, 0.237833631635855
51, 217, 0.241001917056149
51, 218, 0.244109916387653
51, 219, 0.247157117598116
51, 220, 0.250143092820965
51, 221, 0.253067493044164
51, 222, 0.255930042684856
51, 223, 0.258730534096068
51, 224, 0.261468822051876
51, 225, 0.264144818256683
51, 226, 0.266758485922829
51, 227, 0.269309834458416
51, 228, 0.27179891430434
51, 229, 0.274225811955973
51, 230, 0.276590645200949
51, 231, 0.278893558600095
51, 232, 0.281134719233871
51, 233, 0.283314312731881
51, 234, 0.285432539598154
51, 235, 0.287489611840033
51, 236, 0.289485749903949
51, 237, 0.291421179916875
51, 238, 0.293296131228249
51, 239, 0.295110834243456
51, 240, 0.296865518536746
51, 241, 0.29856041122868
51, 242, 0.300195735611029
51, 243, 0.301771710000202
51, 244, 0.303288546799199
51, 245, 0.304746451747193
51, 246, 0.306145623335675
51, 247, 0.307486252370236
51, 248, 0.308768521657488
51, 249, 0.309992605797645
51, 250, 0.311158671064288
51, 251, 0.312266875354292
51, 252, 0.313317368192371
51, 253, 0.314310290776405
51, 254, 0.315245776051406
51, 255, 0.316123948801709
51, 256, 0.316944925752735
51, 257, 0.317708815675261
51, 258, 0.318415719486761
51, 259, 0.319065730345768
51, 260, 0.319658933736532
51, 261, 0.320195407542339
51, 262, 0.320675222106885
51, 263, 0.321098440283823
51, 264, 0.321465117475271
51, 265, 0.321775301660456
51, 266, 0.322029033416025
51, 267, 0.322226345929625
51, 268, 0.322367265008335
51, 269, 0.32245180908351
51, 270, 0.322479989213255
51, 271, 0.322451809083509
51, 272, 0.322367265008336
51, 273, 0.322226345929625
51, 274, 0.322029033416026
51, 275, 0.321775301660455
51, 276, 0.321465117475271
51, 277, 0.321098440283825
51, 278, 0.320675222106886
51, 279, 0.320195407542338
51, 280, 0.319658933736531
51, 281, 0.319065730345767
51, 282, 0.318415719486761
51, 283, 0.317708815675261
51, 284, 0.316944925752735
51, 285, 0.316123948801709
51, 286, 0.315245776051405
51, 287, 0.314310290776406
51, 288, 0.313317368192371
51, 289, 0.312266875354294
51, 290, 0.311158671064288
51, 291, 0.309992605797645
51, 292, 0.308768521657488
51, 293, 0.307486252370236
51, 294, 0.306145623335675
51, 295, 0.304746451747191
51, 296, 0.3032885467992
51, 297, 0.301771710000202
51, 298, 0.300195735611028
51, 299, 0.298560411228681
51, 300, 0.296865518536745
51, 301, 0.295110834243456
51, 302, 0.293296131228248
51, 303, 0.291421179916875
51, 304, 0.28948574990395
51, 305, 0.287489611840032
51, 306, 0.285432539598153
51, 307, 0.28331431273188
51, 308, 0.281134719233869
51, 309, 0.278893558600094
51, 310, 0.276590645200948
51, 311, 0.274225811955972
51, 312, 0.271798914304339
51, 313, 0.269309834458416
51, 314, 0.266758485922828
51, 315, 0.264144818256682
51, 316, 0.261468822051876
51, 317, 0.258730534096067
51, 318, 0.255930042684855
51, 319, 0.253067493044164
51, 320, 0.250143092820966
51, 321, 0.247157117598118
51, 322, 0.244109916387654
51, 323, 0.241001917056149
51, 324, 0.237833631635854
51, 325, 0.234605661476353
51, 326, 0.231318702193268
51, 327, 0.227973548373208
51, 328, 0.224571097997492
51, 329, 0.221112356551312
51, 330, 0.217598440789585
51, 331, 0.214030582135863
51, 332, 0.210410129696059
51, 333, 0.206738552874393
51, 334, 0.203017443584512
51, 335, 0.199248518054217
51, 336, 0.195433618227429
51, 337, 0.191574712771657
51, 338, 0.187673897703366
51, 339, 0.183733396646924
51, 340, 0.179755560745329
51, 341, 0.175742868242324
51, 342, 0.17169792375603
51, 343, 0.167623457263506
51, 344, 0.163522322813935
51, 345, 0.159397496985217
51, 346, 0.155252077094855
51, 347, 0.151089279171078
51, 348, 0.146912435684378
51, 349, 0.142724993033089
51, 350, 0.138530508769528
51, 351, 0.134332648545731
51, 352, 0.130135182750169
51, 353, 0.125941982799186
51, 354, 0.121757017039659
51, 355, 0.117584346212603
51, 356, 0.113428118421552
51, 357, 0.109292563544685
51, 358, 0.105181987026147
51, 359, 0.101100762980003
51, 360, 0.0970533265400327
52, 0, 0.0949947132547422
52, 1, 0.0910227990844077
52, 2, 0.0870954434279243
52, 3, 0.0832172192161958
52, 4, 0.079392720685529
52, 5, 0.0756265511941956
52, 6, 0.0719233099510015
52, 7, 0.0682875776370466
52, 8, 0.0647239009192708
52, 9, 0.061236775873819
52, 10, 0.0578306303583384
52, 11, 0.0545098053947651
52, 12, 0.0512785356475144
52, 13, 0.048140929105842
52, 14, 0.0451009461029799
52, 15, 0.0421623778279666
52, 16, 0.0393288245083412
52, 17, 0.036603673462512
52, 18, 0.0339900772391078
52, 19, 0.0314909320764622
52, 20, 0.0291088569280659
52, 21, 0.0268461733089499
52, 22, 0.024704886223118
52, 23, 0.0226866664330646
52, 24, 0.0207928343288483
52, 25, 0.0190243456460215
52, 26, 0.0173817792689165
52, 27, 0.0158653273384049
52, 28, 0.0144747878614741
52, 29, 0.0132095599940472
52, 30, 0.0120686421387931
52, 31, 0.0110506329666742
52, 32, 0.0101537354351993
52, 33, 0.00937576383840328
52, 34, 0.00871415388409301
52, 35, 0.00816597575362581
52, 36, 0.00772795005911533
52, 37, 0.00739646657324123
52, 38, 0.00716760556851378
52, 39, 0.00703716156660695
52, 40, 0.00700066926490197
52, 41, 0.00705343137729488
52, 42, 0.00719054810016812
52, 43, 0.00740694789267262
52, 44, 0.00769741924351058
52, 45, 0.00805664308453206
52, 46, 0.00847922550484661
52, 47, 0.0089597304178989
52, 48, 0.00949271183803212
52, 49, 0.0100727454323563
52, 50, 0.0106944590280005
52, 51, 0.0113525617737798
52, 52, 0.0120418716785064
52, 53, 0.0127573412751581
52, 54, 0.013494081190353
52, 55, 0.014247381431436
52, 56, 0.0150127302383531
52, 57, 0.0157858303837016
52, 58, 0.0165626128412145
52, 59, 0.0173392477798198
52, 60, 0.0181121528766443
52, 61, 0.018877998977302
52, 62, 0.0196337131649507
52, 63, 0.0203764793304004
52, 64, 0.0211037363635767
52, 65, 0.0218131741115287
52, 66, 0.0225027272695977
52, 67, 0.0231705673901952
52, 68, 0.0238150932077036
52, 69, 0.0244349194883358
52, 70, 0.0250288646203933
52, 71, 0.0255959371634133
52, 72, 0.0261353215743798
52, 73, 0.0266463633257811
52, 74, 0.027128553624131
52, 75, 0.0275815139290134
52, 76, 0.0280049804621417
52, 77, 0.0283987888837428
52, 78, 0.0287628593002249
52, 79, 0.0290971817529108
52, 80, 0.0294018023230736
52, 81, 0.0296768099738704
52, 82, 0.0299223242354085
52, 83, 0.0301384838253277
52, 84, 0.0303254362841697
52, 85, 0.0304833286926033
52, 86, 0.0306122995263425
52, 87, 0.0307124716944431
52, 88, 0.0307839467975283
52, 89, 0.0308268006343308
52, 90, 0.0308410799776607
52, 91, 0.0308268006343307
52, 92, 0.0307839467975285
52, 93, 0.030712471694443
52, 94, 0.0306122995263425
52, 95, 0.0304833286926032
52, 96, 0.0303254362841695
52, 97, 0.0301384838253279
52, 98, 0.0299223242354089
52, 99, 0.0296768099738707
52, 100, 0.0294018023230738
52, 101, 0.0290971817529108
52, 102, 0.0287628593002249
52, 103, 0.0283987888837428
52, 104, 0.0280049804621414
52, 105, 0.0275815139290134
52, 106, 0.0271285536241309
52, 107, 0.0266463633257812
52, 108, 0.0261353215743797
52, 109, 0.0255959371634132
52, 110, 0.0250288646203932
52, 111, 0.0244349194883358
52, 112, 0.0238150932077035
52, 113, 0.0231705673901951
52, 114, 0.0225027272695977
52, 115, 0.0218131741115285
52, 116, 0.0211037363635767
52, 117, 0.0203764793304002
52, 118, 0.0196337131649508
52, 119, 0.018877998977302
52, 120, 0.0181121528766443
52, 121, 0.0173392477798199
52, 122, 0.0165626128412145
52, 123, 0.0157858303837015
52, 124, 0.015012730238353
52, 125, 0.014247381431436
52, 126, 0.0134940811903531
52, 127, 0.0127573412751581
52, 128, 0.0120418716785064
52, 129, 0.0113525617737799
52, 130, 0.0106944590280003
52, 131, 0.0100727454323563
52, 132, 0.00949271183803219
52, 133, 0.00895973041789878
52, 134, 0.00847922550484665
52, 135, 0.00805664308453208
52, 136, 0.00769741924351064
52, 137, 0.00740694789267263
52, 138, 0.00719054810016813
52, 139, 0.00705343137729484
52, 140, 0.00700066926490198
52, 141, 0.00703716156660695
52, 142, 0.00716760556851375
52, 143, 0.00739646657324122
52, 144, 0.0077279500591154
52, 145, 0.00816597575362572
52, 146, 0.00871415388409312
52, 147, 0.00937576383840329
52, 148, 0.0101537354351993
52, 149, 0.0110506329666741
52, 150, 0.0120686421387931
52, 151, 0.0132095599940471
52, 152, 0.0144747878614741
52, 153, 0.0158653273384049
52, 154, 0.0173817792689167
52, 155, 0.0190243456460216
52, 156, 0.0207928343288483
52, 157, 0.0226866664330647
52, 158, 0.0247048862231182
52, 159, 0.0268461733089501
52, 160, 0.029108856928066
52, 161, 0.0314909320764624
52, 162, 0.033990077239108
52, 163, 0.036603673462512
52, 164, 0.0393288245083411
52, 165, 0.0421623778279665
52, 166, 0.0451009461029799
52, 167, 0.0481409291058423
52, 168, 0.0512785356475146
52, 169, 0.0545098053947654
52, 170, 0.0578306303583385
52, 171, 0.0612367758738191
52, 172, 0.0647239009192706
52, 173, 0.0682875776370467
52, 174, 0.0719233099510015
52, 175, 0.0756265511941959
52, 176, 0.0793927206855292
52, 177, 0.0832172192161959
52, 178, 0.0870954434279246
52, 179, 0.0910227990844081
52, 180, 0.0949947132547418
52, 181, 0.0990066454429624
52, 182, 0.103054097710614
52, 183, 0.107132623849751
52, 184, 0.111237837671646
52, 185, 0.115365420481957
52, 186, 0.119511127816153
52, 187, 0.123670795509761
52, 188, 0.127840345176711
52, 189, 0.132015789165829
52, 190, 0.136193235060686
52, 191, 0.140368889781799
52, 192, 0.144539063342814
52, 193, 0.148700172304194
52, 194, 0.152848742959239
52, 195, 0.156981414278374
52, 196, 0.16109494062879
52, 197, 0.165186194277941
52, 198, 0.169252167681396
52, 199, 0.173289975548226
52, 200, 0.17729685667081
52, 201, 0.181270175500603
52, 202, 0.185207423447339
52, 203, 0.189106219876332
52, 204, 0.192964312776956
52, 205, 0.196779579075211
52, 206, 0.200550024564274
52, 207, 0.204273783429238
52, 208, 0.207949117345573
52, 209, 0.211574414135186
52, 210, 0.215148185969188
52, 211, 0.21866906711228
52, 212, 0.222135811210113
52, 213, 0.225547288127554
52, 214, 0.228902480352678
52, 215, 0.232200478987941
52, 216, 0.235440479356476
52, 217, 0.238621776257508
52, 218, 0.241743758910285
52, 219, 0.24480590563068
52, 220, 0.247807778288467
52, 221, 0.250749016596301
52, 222, 0.253629332283344
52, 223, 0.256448503207492
52, 224, 0.259206367460074
52, 225, 0.26190281751586
52, 226, 0.264537794479177
52, 227, 0.267111282474059
52, 228, 0.269623303222701
52, 229, 0.272073910852088
52, 230, 0.274463186963789
52, 231, 0.276791235996534
52, 232, 0.27905818090563
52, 233, 0.281264159177372
52, 234, 0.283409319190929
52, 235, 0.285493816934415
52, 236, 0.287517813076392
52, 237, 0.289481470388954
52, 238, 0.291384951513817
52, 239, 0.293228417058581
52, 240, 0.295012024006749
52, 241, 0.296735924421958
52, 242, 0.298400264424436
52, 243, 0.300005183415897
52, 244, 0.301550813527824
52, 245, 0.30303727926747
52, 246, 0.304464697335808
52, 247, 0.305833176592079
52, 248, 0.307142818140407
52, 249, 0.308393715515228
52, 250, 0.309585954943784
52, 251, 0.310719615665744
52, 252, 0.311794770292015
52, 253, 0.312811485186891
52, 254, 0.313769820859837
52, 255, 0.314669832355351
52, 256, 0.315511569631527
52, 257, 0.316295077919836
52, 258, 0.317020398060606
52, 259, 0.317687566810421
52, 260, 0.318296617119039
52, 261, 0.318847578374963
52, 262, 0.319340476619729
52, 263, 0.319775334731947
52, 264, 0.320152172582818
52, 265, 0.320471007165265
52, 266, 0.320731852699092
52, 267, 0.320934720714707
52, 268, 0.321079620117774
52, 269, 0.32116655723701
52, 270, 0.321195535856947
52, 271, 0.32116655723701
52, 272, 0.321079620117774
52, 273, 0.320934720714708
52, 274, 0.320731852699092
52, 275, 0.320471007165265
52, 276, 0.320152172582817
52, 277, 0.319775334731947
52, 278, 0.319340476619729
52, 279, 0.318847578374963
52, 280, 0.318296617119038
52, 281, 0.31768756681042
52, 282, 0.317020398060607
52, 283, 0.316295077919834
52, 284, 0.315511569631527
52, 285, 0.314669832355351
52, 286, 0.313769820859835
52, 287, 0.312811485186891
52, 288, 0.311794770292013
52, 289, 0.310719615665742
52, 290, 0.309585954943785
52, 291, 0.308393715515227
52, 292, 0.307142818140407
52, 293, 0.305833176592078
52, 294, 0.304464697335809
52, 295, 0.303037279267471
52, 296, 0.301550813527824
52, 297, 0.300005183415897
52, 298, 0.298400264424436
52, 299, 0.296735924421957
52, 300, 0.29501202400675
52, 301, 0.29322841705858
52, 302, 0.291384951513818
52, 303, 0.289481470388955
52, 304, 0.287517813076392
52, 305, 0.285493816934415
52, 306, 0.283409319190929
52, 307, 0.281264159177372
52, 308, 0.279058180905631
52, 309, 0.276791235996535
52, 310, 0.274463186963788
52, 311, 0.27207391085209
52, 312, 0.269623303222701
52, 313, 0.26711128247406
52, 314, 0.264537794479179
52, 315, 0.261902817515861
52, 316, 0.259206367460075
52, 317, 0.256448503207492
52, 318, 0.253629332283344
52, 319, 0.250749016596302
52, 320, 0.247807778288469
52, 321, 0.244805905630681
52, 322, 0.241743758910286
52, 323, 0.238621776257507
52, 324, 0.235440479356475
52, 325, 0.232200478987941
52, 326, 0.228902480352678
52, 327, 0.225547288127554
52, 328, 0.222135811210114
52, 329, 0.21866906711228
52, 330, 0.215148185969188
52, 331, 0.211574414135186
52, 332, 0.207949117345573
52, 333, 0.204273783429238
52, 334, 0.200550024564274
52, 335, 0.196779579075212
52, 336, 0.192964312776956
52, 337, 0.189106219876332
52, 338, 0.185207423447338
52, 339, 0.181270175500602
52, 340, 0.177296856670811
52, 341, 0.173289975548225
52, 342, 0.169252167681395
52, 343, 0.165186194277941
52, 344, 0.16109494062879
52, 345, 0.156981414278374
52, 346, 0.152848742959238
52, 347, 0.148700172304195
52, 348, 0.144539063342814
52, 349, 0.140368889781799
52, 350, 0.136193235060686
52, 351, 0.132015789165829
52, 352, 0.127840345176711
52, 353, 0.12367079550976
52, 354, 0.119511127816153
52, 355, 0.115365420481957
52, 356, 0.111237837671646
52, 357, 0.107132623849751
52, 358, 0.103054097710614
52, 359, 0.0990066454429626
52, 360, 0.0949947132547422
53, 0, 0.0928952532804787
53, 1, 0.0889660571261266
53, 2, 0.085083191888917
53, 3, 0.0812512310419194
53, 4, 0.0774747685734383
53, 5, 0.0737584069572184
53, 6, 0.0701067439962953
53, 7, 0.0665243585116921
53, 8, 0.0630157948654913
53, 9, 0.0595855463283532
53, 10, 0.0562380373240998
53, 11, 0.0529776046081084
53, 12, 0.0498084774615254
53, 13, 0.0467347570092508
53, 14, 0.0437603947957046
53, 15, 0.0408891707780114
53, 16, 0.0381246709208042
53, 17, 0.035470264599798
53, 18, 0.0329290820419618
53, 19, 0.0305039920480097
53, 20, 0.028197580257443
53, 21, 0.0260121282270414
53, 22, 0.0239495936001199
53, 23, 0.0220115916456369
53, 24, 0.0201993784431725
53, 25, 0.0185138359816868
53, 26, 0.0169554594267978
53, 27, 0.0155243467931473
53, 28, 0.0142201912354151
53, 29, 0.0130422761440067
53, 30, 0.011989473199754
53, 31, 0.0110602435066321
53, 32, 0.0102526418830971
53, 33, 0.00956432435184904
53, 34, 0.00899255882531765
53, 35, 0.0085342389407789
53, 36, 0.00818590095546359
53, 37, 0.0079437435691884
53, 38, 0.00780365050066721
53, 39, 0.00776121560456854
53, 40, 0.0078117702802638
53, 41, 0.00795041289076044
53, 42, 0.00817203988212136
53, 43, 0.00847137827025041
53, 44, 0.00884301914370221
53, 45, 0.00928145181845046
53, 46, 0.00978109827354638
53, 47, 0.0103363474953887
53, 48, 0.010941589362908
53, 49, 0.0115912477161866
53, 50, 0.0122798122666615
53, 51, 0.0130018690277366
53, 52, 0.0137521289699376
53, 53, 0.0145254546341299
53, 54, 0.0153168844692257
53, 55, 0.0161216546965507
53, 56, 0.0169352185409381
53, 57, 0.0177532627079585
53, 58, 0.0185717210267105
53, 59, 0.019386785217594
53, 60, 0.0201949127837294
53, 61, 0.0209928320625071
53, 62, 0.0217775445095342
53, 63, 0.0225463243204054
53, 64, 0.0232967155258161
53, 65, 0.02402652672211
53, 66, 0.0247338236221293
53, 67, 0.0254169196300065
53, 68, 0.0260743646581399
53, 69, 0.0267049324150643
53, 70, 0.027307606399309
53, 71, 0.0278815648367678
53, 72, 0.0284261647979007
53, 73, 0.0289409257264572
53, 74, 0.0294255126038192
53, 75, 0.029879718962859
53, 76, 0.0303034499528671
53, 77, 0.0306967056430881
53, 78, 0.0310595647371605
53, 79, 0.0313921688547719
53, 80, 0.0316947075205087
53, 81, 0.0319674039836481
53, 82, 0.0322105019767858
53, 83, 0.0324242535061172
53, 84, 0.0326089077520181
53, 85, 0.0327647011455739
53, 86, 0.0328918486749333
53, 87, 0.0329905364648789
53, 88, 0.0330609156637887
53, 89, 0.0331030976641273
53, 90, 0.0331171506756189
53, 91, 0.0331030976641273
53, 92, 0.0330609156637887
53, 93, 0.032990536464879
53, 94, 0.0328918486749332
53, 95, 0.0327647011455739
53, 96, 0.0326089077520177
53, 97, 0.0324242535061173
53, 98, 0.0322105019767858
53, 99, 0.0319674039836481
53, 100, 0.0316947075205086
53, 101, 0.0313921688547717
53, 102, 0.0310595647371605
53, 103, 0.0306967056430882
53, 104, 0.0303034499528672
53, 105, 0.029879718962859
53, 106, 0.0294255126038193
53, 107, 0.0289409257264572
53, 108, 0.0284261647979005
53, 109, 0.0278815648367677
53, 110, 0.0273076063993089
53, 111, 0.0267049324150643
53, 112, 0.0260743646581397
53, 113, 0.0254169196300065
53, 114, 0.0247338236221293
53, 115, 0.02402652672211
53, 116, 0.023296715525816
53, 117, 0.0225463243204052
53, 118, 0.0217775445095342
53, 119, 0.0209928320625071
53, 120, 0.0201949127837293
53, 121, 0.019386785217594
53, 122, 0.0185717210267105
53, 123, 0.0177532627079584
53, 124, 0.0169352185409381
53, 125, 0.0161216546965508
53, 126, 0.0153168844692257
53, 127, 0.0145254546341298
53, 128, 0.0137521289699376
53, 129, 0.0130018690277366
53, 130, 0.0122798122666615
53, 131, 0.0115912477161866
53, 132, 0.0109415893629079
53, 133, 0.0103363474953886
53, 134, 0.00978109827354634
53, 135, 0.0092814518184504
53, 136, 0.00884301914370206
53, 137, 0.00847137827025039
53, 138, 0.00817203988212139
53, 139, 0.00795041289076036
53, 140, 0.00781177028026379
53, 141, 0.00776121560456855
53, 142, 0.00780365050066722
53, 143, 0.00794374356918835
53, 144, 0.0081859009554636
53, 145, 0.00853423894077893
53, 146, 0.00899255882531765
53, 147, 0.00956432435184897
53, 148, 0.0102526418830971
53, 149, 0.011060243506632
53, 150, 0.0119894731997541
53, 151, 0.0130422761440067
53, 152, 0.014220191235415
53, 153, 0.0155243467931474
53, 154, 0.0169554594267978
53, 155, 0.0185138359816868
53, 156, 0.0201993784431725
53, 157, 0.0220115916456369
53, 158, 0.02394959360012
53, 159, 0.0260121282270414
53, 160, 0.0281975802574428
53, 161, 0.0305039920480095
53, 162, 0.0329290820419617
53, 163, 0.0354702645997981
53, 164, 0.0381246709208044
53, 165, 0.0408891707780114
53, 166, 0.0437603947957045
53, 167, 0.0467347570092508
53, 168, 0.0498084774615255
53, 169, 0.0529776046081085
53, 170, 0.0562380373240997
53, 171, 0.0595855463283533
53, 172, 0.0630157948654911
53, 173, 0.0665243585116917
53, 174, 0.0701067439962951
53, 175, 0.0737584069572187
53, 176, 0.0774747685734382
53, 177, 0.0812512310419195
53, 178, 0.0850831918889171
53, 179, 0.0889660571261266
53, 180, 0.0928952532804785
53, 181, 0.0968662383421652
53, 182, 0.100874511688616
53, 183, 0.104915623052523
53, 184, 0.108985180609583
53, 185, 0.113078858266497
53, 186, 0.117192402231938
53, 187, 0.12132163695299
53, 188, 0.125462470496924
53, 189, 0.129610899453723
53, 190, 0.133763013428318
53, 191, 0.137914999183843
53, 192, 0.142063144488258
53, 193, 0.146203841707029
53, 194, 0.150333591174388
53, 195, 0.154449004365413
53, 196, 0.15854680688099
53, 197, 0.162623841248055
53, 198, 0.166677069528519
53, 199, 0.170703575722227
53, 200, 0.174700567942404
53, 201, 0.178665380336388
53, 202, 0.182595474720303
53, 203, 0.186488441893562
53, 204, 0.190342002597883
53, 205, 0.194154008085874
53, 206, 0.19792244026596
53, 207, 0.201645411393657
53, 208, 0.205321163283558
53, 209, 0.208948066022024
53, 210, 0.212524616166961
53, 211, 0.216049434428361
53, 212, 0.219521262830996
53, 213, 0.222938961368679
53, 214, 0.226301504167727
53, 215, 0.229607975185126
53, 216, 0.232857563474647
53, 217, 0.236049558061151
53, 218, 0.239183342469724
53, 219, 0.242258388961687
53, 220, 0.245274252533956
53, 221, 0.248230564741576
53, 222, 0.251127027405311
53, 223, 0.253963406267127
53, 224, 0.256739524656036
53, 225, 0.259455257225363
53, 226, 0.262110523819751
53, 227, 0.264705283526709
53, 228, 0.267239528962814
53, 229, 0.269713280839464
53, 230, 0.272126582846989
53, 231, 0.274479496889561
53, 232, 0.276772098696537
53, 233, 0.279004473829041
53, 234, 0.281176714093597
53, 235, 0.283288914368052
53, 236, 0.285341169838521
53, 237, 0.287333573640144
53, 238, 0.289266214889046
53, 239, 0.291139177088014
53, 240, 0.292952536884295
53, 241, 0.294706363154542
53, 242, 0.296400716389202
53, 243, 0.298035648346804
53, 244, 0.299611201947337
53, 245, 0.301127411373466
53, 246, 0.302584302348473
53, 247, 0.303981892560505
53, 248, 0.305320192204004
53, 249, 0.306599204610856
53, 250, 0.307818926945795
53, 251, 0.308979350942984
53, 252, 0.310080463663116
53, 253, 0.31112224825307
53, 254, 0.312104684692772
53, 255, 0.313027750516554
53, 256, 0.31389142149891
53, 257, 0.314695672296871
53, 258, 0.315440477043585
53, 259, 0.316125809889599
53, 260, 0.316751645490231
53, 261, 0.317317959438852
53, 262, 0.317824728647279
53, 263, 0.318271931675356
53, 264, 0.318659549012628
53, 265, 0.318987563315421
53, 266, 0.319255959602882
53, 267, 0.319464725415587
53, 268, 0.319613850940039
53, 269, 0.319703329102135
53, 270, 0.319733155631995
53, 271, 0.319703329102135
53, 272, 0.319613850940041
53, 273, 0.319464725415585
53, 274, 0.319255959602881
53, 275, 0.318987563315421
53, 276, 0.318659549012629
53, 277, 0.318271931675356
53, 278, 0.317824728647281
53, 279, 0.317317959438852
53, 280, 0.316751645490231
53, 281, 0.316125809889601
53, 282, 0.315440477043585
53, 283, 0.314695672296872
53, 284, 0.313891421498912
53, 285, 0.313027750516555
53, 286, 0.312104684692773
53, 287, 0.31112224825307
53, 288, 0.310080463663116
53, 289, 0.308979350942984
53, 290, 0.307818926945797
53, 291, 0.306599204610856
53, 292, 0.305320192204002
53, 293, 0.303981892560504
53, 294, 0.302584302348472
53, 295, 0.301127411373466
53, 296, 0.299611201947336
53, 297, 0.298035648346803
53, 298, 0.296400716389202
53, 299, 0.294706363154543
53, 300, 0.292952536884296
53, 301, 0.291139177088015
53, 302, 0.289266214889046
53, 303, 0.287333573640143
53, 304, 0.285341169838521
53, 305, 0.283288914368052
53, 306, 0.281176714093597
53, 307, 0.27900447382904
53, 308, 0.276772098696536
53, 309, 0.27447949688956
53, 310, 0.272126582846989
53, 311, 0.269713280839465
53, 312, 0.267239528962814
53, 313, 0.26470528352671
53, 314, 0.262110523819753
53, 315, 0.259455257225362
53, 316, 0.256739524656036
53, 317, 0.253963406267126
53, 318, 0.251127027405313
53, 319, 0.248230564741576
53, 320, 0.245274252533955
53, 321, 0.242258388961688
53, 322, 0.239183342469725
53, 323, 0.236049558061151
53, 324, 0.232857563474646
53, 325, 0.229607975185127
53, 326, 0.226301504167728
53, 327, 0.22293896136868
53, 328, 0.219521262830997
53, 329, 0.216049434428362
53, 330, 0.212524616166961
53, 331, 0.208948066022024
53, 332, 0.205321163283558
53, 333, 0.201645411393657
53, 334, 0.19792244026596
53, 335, 0.194154008085874
53, 336, 0.190342002597884
53, 337, 0.186488441893562
53, 338, 0.182595474720303
53, 339, 0.178665380336388
53, 340, 0.174700567942404
53, 341, 0.170703575722229
53, 342, 0.166677069528518
53, 343, 0.162623841248055
53, 344, 0.158546806880991
53, 345, 0.154449004365414
53, 346, 0.150333591174388
53, 347, 0.146203841707028
53, 348, 0.142063144488258
53, 349, 0.137914999183843
53, 350, 0.133763013428319
53, 351, 0.129610899453724
53, 352, 0.125462470496925
53, 353, 0.12132163695299
53, 354, 0.117192402231939
53, 355, 0.113078858266497
53, 356, 0.108985180609583
53, 357, 0.104915623052522
53, 358, 0.100874511688616
53, 359, 0.0968662383421657
53, 360, 0.0928952532804793
54, 0, 0.0907586766342434
54, 1, 0.0868774966051392
54, 2, 0.0830444312056522
54, 3, 0.0792640462082668
54, 4, 0.0755409266231828
54, 5, 0.0718796648673801
54, 6, 0.0682848477745542
54, 7, 0.0647610424062564
54, 8, 0.0613127806436911
54, 9, 0.0579445425613304
54, 10, 0.0546607386074497
54, 11, 0.0514656906425383
54, 12, 0.048363611913753
54, 13, 0.0453585860716596
54, 14, 0.0424545453639002
54, 15, 0.0396552481684115
54, 16, 0.0369642560558509
54, 17, 0.0343849105962296
54, 18, 0.031920310147757
54, 19, 0.029573286885951
54, 20, 0.0273463843475185
54, 21, 0.0252418357758676
54, 22, 0.0232615435628378
54, 23, 0.0214070600840008
54, 24, 0.0196795702223571
54, 25, 0.0180798758672683
54, 26, 0.016608382661983
54, 27, 0.0152650892541505
54, 28, 0.0140495792795023
54, 29, 0.012961016279705
54, 30, 0.0119981417216779
54, 31, 0.0111592762479636
54, 32, 0.0104423242466754
54, 33, 0.00984478178583531
54, 34, 0.00936374791135394
54, 35, 0.00899593926130991
54, 36, 0.00873770790245002
54, 37, 0.00858506224879484
54, 38, 0.00853369087780989
54, 39, 0.00857898901757774
54, 40, 0.00871608743961813
54, 41, 0.00893988345714873
54, 42, 0.00924507369831741
54, 43, 0.0096261882988266
54, 44, 0.0100776261388496
54, 45, 0.0105936907355648
54, 46, 0.0111686263952044
54, 47, 0.0117966542273551
54, 48, 0.0124720076293039
54, 49, 0.0131889668593835
54, 50, 0.0139418923352432
54, 51, 0.0147252563154051
54, 52, 0.0155336726498814
54, 53, 0.0163619243174585
54, 54, 0.0172049885028601
54, 55, 0.0180580590056873
54, 56, 0.0189165658140194
54, 57, 0.0197761917180969
54, 58, 0.0206328858827633
54, 59, 0.0214828743405368
54, 60, 0.022322667409535
54, 61, 0.0231490640812574
54, 62, 0.0239591534617342
54, 63, 0.0247503133851847
54, 64, 0.0255202063515476
54, 65, 0.0262667729676066
54, 66, 0.0269882230956094
54, 67, 0.0276830249329906
54, 68, 0.0283498922620098
54, 69, 0.0289877701186888
54, 70, 0.0295958191365466
54, 71, 0.030173398822421
54, 72, 0.0307200500194296
54, 73, 0.0312354768062036
54, 74, 0.0317195280723495
54, 75, 0.0321721789981209
54, 76, 0.0325935126520299
54, 77, 0.0329837019041029
54, 78, 0.0333429918352423
54, 79, 0.0336716828051659
54, 80, 0.0339701143232122
54, 81, 0.0342386498482917
54, 82, 0.0344776626268996
54, 83, 0.0346875226616587
54, 84, 0.0348685848876461
54, 85, 0.0350211786199225
54, 86, 0.0351455983233715
54, 87, 0.0352420957452062
54, 88, 0.0353108734412426
54, 89, 0.0353520797192312
54, 90, 0.0353658050159539
54, 91, 0.0353520797192313
54, 92, 0.0353108734412422
54, 93, 0.0352420957452064
54, 94, 0.0351455983233715
54, 95, 0.0350211786199226
54, 96, 0.0348685848876461
54, 97, 0.0346875226616588
54, 98, 0.0344776626268996
54, 99, 0.0342386498482916
54, 100, 0.0339701143232122
54, 101, 0.033671682805166
54, 102, 0.0333429918352425
54, 103, 0.032983701904103
54, 104, 0.0325935126520299
54, 105, 0.0321721789981209
54, 106, 0.0317195280723494
54, 107, 0.0312354768062038
54, 108, 0.0307200500194295
54, 109, 0.0301733988224208
54, 110, 0.0295958191365466
54, 111, 0.0289877701186888
54, 112, 0.0283498922620097
54, 113, 0.0276830249329906
54, 114, 0.0269882230956093
54, 115, 0.0262667729676066
54, 116, 0.0255202063515473
54, 117, 0.0247503133851846
54, 118, 0.0239591534617344
54, 119, 0.0231490640812571
54, 120, 0.0223226674095349
54, 121, 0.0214828743405368
54, 122, 0.0206328858827634
54, 123, 0.0197761917180968
54, 124, 0.0189165658140193
54, 125, 0.0180580590056874
54, 126, 0.0172049885028601
54, 127, 0.0163619243174584
54, 128, 0.0155336726498814
54, 129, 0.0147252563154052
54, 130, 0.0139418923352432
54, 131, 0.0131889668593836
54, 132, 0.0124720076293039
54, 133, 0.011796654227355
54, 134, 0.0111686263952044
54, 135, 0.0105936907355647
54, 136, 0.0100776261388496
54, 137, 0.00962618829882667
54, 138, 0.0092450736983174
54, 139, 0.00893988345714881
54, 140, 0.00871608743961808
54, 141, 0.0085789890175778
54, 142, 0.00853369087780984
54, 143, 0.00858506224879494
54, 144, 0.00873770790245009
54, 145, 0.00899593926130987
54, 146, 0.00936374791135398
54, 147, 0.00984478178583549
54, 148, 0.0104423242466753
54, 149, 0.0111592762479638
54, 150, 0.0119981417216779
54, 151, 0.012961016279705
54, 152, 0.0140495792795022
54, 153, 0.0152650892541505
54, 154, 0.016608382661983
54, 155, 0.0180798758672683
54, 156, 0.019679570222357
54, 157, 0.0214070600840009
54, 158, 0.0232615435628376
54, 159, 0.0252418357758676
54, 160, 0.0273463843475184
54, 161, 0.0295732868859511
54, 162, 0.0319203101477575
54, 163, 0.0343849105962294
54, 164, 0.0369642560558508
54, 165, 0.0396552481684116
54, 166, 0.0424545453639003
54, 167, 0.0453585860716596
54, 168, 0.0483636119137532
54, 169, 0.0514656906425384
54, 170, 0.0546607386074497
54, 171, 0.0579445425613306
54, 172, 0.0613127806436912
54, 173, 0.0647610424062563
54, 174, 0.0682848477745539
54, 175, 0.07187966486738
54, 176, 0.0755409266231829
54, 177, 0.0792640462082669
54, 178, 0.0830444312056521
54, 179, 0.0868774966051394
54, 180, 0.0907586766342434
54, 181, 0.0946834354859198
54, 182, 0.0986472770123237
54, 183, 0.102645753464022
54, 184, 0.106674473361221
54, 185, 0.110729108587656
54, 186, 0.114805400799016
54, 187, 0.118899167236292
54, 188, 0.123006306030484
54, 189, 0.127122801079
54, 190, 0.131244726566151
54, 191, 0.135368251190636
54, 192, 0.139489642152381
54, 193, 0.143605268939677
54, 194, 0.147711606945846
54, 195, 0.151805240932817
54, 196, 0.15588286834754
54, 197, 0.159941302486222
54, 198, 0.163977475491439
54, 199, 0.16798844115832
54, 200, 0.171971377518584
54, 201, 0.175923589165229
54, 202, 0.179842509276485
54, 203, 0.183725701295097
54, 204, 0.18757086021822
54, 205, 0.191375813454253
54, 206, 0.195138521205578
54, 207, 0.198857076340404
54, 208, 0.202529703722632
54, 209, 0.206154758975559
54, 210, 0.209730726663179
54, 211, 0.213256217881655
54, 212, 0.216729967262819
54, 213, 0.220150829401196
54, 214, 0.223517774725681
54, 215, 0.226829884846457
54, 216, 0.230086347416632
54, 217, 0.233286450556377
54, 218, 0.236429576894662
54, 219, 0.239515197289847
54, 220, 0.242542864295555
54, 221, 0.245512205441721
54, 222, 0.248422916403076
54, 223, 0.251274754128083
54, 224, 0.254067530000667
54, 225, 0.256801103105062
54, 226, 0.259475373660758
54, 227, 0.262090276689927
54, 228, 0.264645775974171
54, 229, 0.267141858350843
54, 230, 0.269578528392099
54, 231, 0.271955803501945
54, 232, 0.274273709458672
54, 233, 0.276532276421729
54, 234, 0.27873153541408
54, 235, 0.280871515283143
54, 236, 0.282952240136026
54, 237, 0.284973727237742
54, 238, 0.286935985354954
54, 239, 0.288839013522231
54, 240, 0.290682800203191
54, 241, 0.292467322815116
54, 242, 0.294192547582769
54, 243, 0.295858429685118
54, 244, 0.29746491365764
54, 245, 0.299011934012444
54, 246, 0.300499416039075
54, 247, 0.301927276749831
54, 248, 0.30329542593527
54, 249, 0.30460376729771
54, 250, 0.30585219963321
54, 251, 0.307040618035387
54, 252, 0.30816891509756
54, 253, 0.309236982092911
54, 254, 0.310244710115664
54, 255, 0.311191991169368
54, 256, 0.312078719191568
54, 257, 0.312904791006903
54, 258, 0.313670107203438
54, 259, 0.314374572929317
54, 260, 0.315018098608978
54, 261, 0.315600600579885
54, 262, 0.316122001652199
54, 263, 0.316582231594877
54, 264, 0.3169812275525
54, 265, 0.317318934397572
54, 266, 0.317595305023261
54, 267, 0.317810300581394
54, 268, 0.317963890670254
54, 269, 0.318056053476161
54, 270, 0.318086775872152
54, 271, 0.318056053476161
54, 272, 0.317963890670254
54, 273, 0.317810300581395
54, 274, 0.317595305023261
54, 275, 0.317318934397571
54, 276, 0.3169812275525
54, 277, 0.316582231594879
54, 278, 0.3161220016522
54, 279, 0.315600600579886
54, 280, 0.315018098608978
54, 281, 0.314374572929317
54, 282, 0.313670107203439
54, 283, 0.312904791006903
54, 284, 0.312078719191567
54, 285, 0.311191991169368
54, 286, 0.310244710115663
54, 287, 0.309236982092912
54, 288, 0.30816891509756
54, 289, 0.307040618035389
54, 290, 0.30585219963321
54, 291, 0.304603767297711
54, 292, 0.30329542593527
54, 293, 0.301927276749832
54, 294, 0.300499416039074
54, 295, 0.299011934012445
54, 296, 0.297464913657641
54, 297, 0.295858429685121
54, 298, 0.29419254758277
54, 299, 0.292467322815117
54, 300, 0.290682800203191
54, 301, 0.288839013522232
54, 302, 0.286935985354954
54, 303, 0.284973727237743
54, 304, 0.282952240136024
54, 305, 0.280871515283142
54, 306, 0.278731535414079
54, 307, 0.27653227642173
54, 308, 0.274273709458672
54, 309, 0.271955803501945
54, 310, 0.269578528392098
54, 311, 0.267141858350843
54, 312, 0.26464577597417
54, 313, 0.26209027668993
54, 314, 0.259475373660759
54, 315, 0.256801103105063
54, 316, 0.254067530000667
54, 317, 0.251274754128083
54, 318, 0.248422916403075
54, 319, 0.245512205441721
54, 320, 0.242542864295556
54, 321, 0.239515197289848
54, 322, 0.236429576894661
54, 323, 0.233286450556378
54, 324, 0.230086347416631
54, 325, 0.226829884846457
54, 326, 0.223517774725682
54, 327, 0.220150829401195
54, 328, 0.216729967262819
54, 329, 0.213256217881655
54, 330, 0.209730726663179
54, 331, 0.20615475897556
54, 332, 0.202529703722631
54, 333, 0.198857076340404
54, 334, 0.195138521205578
54, 335, 0.191375813454253
54, 336, 0.18757086021822
54, 337, 0.183725701295098
54, 338, 0.179842509276486
54, 339, 0.17592358916523
54, 340, 0.171971377518585
54, 341, 0.16798844115832
54, 342, 0.163977475491438
54, 343, 0.159941302486221
54, 344, 0.15588286834754
54, 345, 0.151805240932816
54, 346, 0.147711606945845
54, 347, 0.143605268939678
54, 348, 0.139489642152381
54, 349, 0.135368251190636
54, 350, 0.131244726566151
54, 351, 0.127122801079
54, 352, 0.123006306030484
54, 353, 0.118899167236292
54, 354, 0.114805400799015
54, 355, 0.110729108587656
54, 356, 0.106674473361221
54, 357, 0.102645753464022
54, 358, 0.0986472770123237
54, 359, 0.0946834354859205
54, 360, 0.0907586766342439
55, 0, 0.0885888509390171
55, 1, 0.0847607972548767
55, 2, 0.0809826430894153
55, 3, 0.0772589386806917
55, 4, 0.0735942517075635
55, 5, 0.0699931557004349
55, 6, 0.0664602172664786
55, 7, 0.0629999820779086
55, 8, 0.0596169595917684
55, 9, 0.0563156064924712
55, 10, 0.0531003088736954
55, 11, 0.0499753632037973
55, 12, 0.0469449561480955
55, 13, 0.0440131433516696
55, 14, 0.0411838273170566
55, 15, 0.0384607345417222
55, 16, 0.0358473921097418
55, 17, 0.0333471039599715
55, 18, 0.0309629270784508
55, 19, 0.0286976478850712
55, 20, 0.0265537591030842
55, 21, 0.0245334374141205
55, 22, 0.0226385222105747
55, 23, 0.0208704957610105
55, 24, 0.0192304651023496
55, 25, 0.0177191459647951
55, 26, 0.0163368490216741
55, 27, 0.0150834687366676
55, 28, 0.0139584750554792
55, 29, 0.0129609081581737
55, 30, 0.0120893764526734
55, 31, 0.0113420579498065
55, 32, 0.0107167051165456
55, 33, 0.0102106532574393
55, 34, 0.00982083242557458
55, 35, 0.00954378281461572
55, 36, 0.00937567353348285
55, 37, 0.00931232461601371
55, 38, 0.00934923207042363
55, 39, 0.00948159572844289
55, 40, 0.00970434961253179
55, 41, 0.0100121945023117
55, 42, 0.0103996323490244
55, 43, 0.0108610021600117
55, 44, 0.0113905169543924
55, 45, 0.0119823013766654
55, 46, 0.0126304295471045
55, 47, 0.013328962726668
55, 48, 0.0140719863796699
55, 49, 0.0148536462295168
55, 50, 0.0156681829211237
55, 51, 0.0165099649277709
55, 52, 0.0173735193696847
55, 53, 0.0182535604458745
55, 54, 0.0191450152190749
55, 55, 0.0200430465352699
55, 56, 0.0209430729033917
55, 57, 0.0218407852065453
55, 58, 0.0227321601626706
55, 59, 0.0236134704990049
55, 60, 0.0244812918502693
55, 61, 0.0253325064343013
55, 62, 0.0261643036002091
55, 63, 0.0269741773822979
55, 64, 0.0277599212274725
55, 65, 0.0285196200940411
55, 66, 0.0292516401454673
55, 67, 0.0299546162833688
55, 68, 0.0306274377798244
55, 69, 0.0312692322797733
55, 70, 0.0318793484501121
55, 71, 0.0324573375531688
55, 72, 0.0330029342189352
55, 73, 0.0335160366830965
55, 74, 0.0339966867470433
55, 75, 0.0344450497021691
55, 76, 0.0348613944444442
55, 77, 0.035246073987092
55, 78, 0.0355995065597764
55, 79, 0.0359221574626093
55, 80, 0.036214521823074
55, 81, 0.0364771083841073
55, 82, 0.0367104244325595
55, 83, 0.0369149619594193
55, 84, 0.03709118512683
55, 85, 0.0372395191022707
55, 86, 0.0373603403074293
55, 87, 0.0374539681182944
55, 88, 0.0375206580438044
55, 89, 0.0375605964028584
55, 90, 0.0375738965134538
55, 91, 0.0375605964028584
55, 92, 0.0375206580438044
55, 93, 0.0374539681182944
55, 94, 0.0373603403074294
55, 95, 0.0372395191022707
55, 96, 0.0370911851268297
55, 97, 0.0369149619594192
55, 98, 0.0367104244325595
55, 99, 0.0364771083841072
55, 100, 0.036214521823074
55, 101, 0.0359221574626091
55, 102, 0.035599506559776
55, 103, 0.0352460739870922
55, 104, 0.034861394444444
55, 105, 0.034445049702169
55, 106, 0.0339966867470433
55, 107, 0.0335160366830962
55, 108, 0.0330029342189353
55, 109, 0.032457337553169
55, 110, 0.0318793484501121
55, 111, 0.0312692322797733
55, 112, 0.0306274377798243
55, 113, 0.0299546162833689
55, 114, 0.0292516401454672
55, 115, 0.0285196200940411
55, 116, 0.0277599212274726
55, 117, 0.026974177382298
55, 118, 0.0261643036002091
55, 119, 0.0253325064343012
55, 120, 0.0244812918502692
55, 121, 0.023613470499005
55, 122, 0.0227321601626705
55, 123, 0.0218407852065452
55, 124, 0.0209430729033916
55, 125, 0.02004304653527
55, 126, 0.019145015219075
55, 127, 0.0182535604458745
55, 128, 0.0173735193696847
55, 129, 0.0165099649277709
55, 130, 0.0156681829211237
55, 131, 0.0148536462295169
55, 132, 0.0140719863796698
55, 133, 0.0133289627266679
55, 134, 0.0126304295471044
55, 135, 0.0119823013766653
55, 136, 0.0113905169543923
55, 137, 0.0108610021600118
55, 138, 0.0103996323490246
55, 139, 0.0100121945023118
55, 140, 0.00970434961253181
55, 141, 0.0094815957284429
55, 142, 0.00934923207042361
55, 143, 0.00931232461601361
55, 144, 0.0093756735334829
55, 145, 0.00954378281461582
55, 146, 0.00982083242557444
55, 147, 0.0102106532574392
55, 148, 0.0107167051165456
55, 149, 0.0113420579498064
55, 150, 0.0120893764526734
55, 151, 0.0129609081581736
55, 152, 0.0139584750554792
55, 153, 0.0150834687366676
55, 154, 0.016336849021674
55, 155, 0.0177191459647951
55, 156, 0.0192304651023495
55, 157, 0.0208704957610104
55, 158, 0.0226385222105747
55, 159, 0.0245334374141207
55, 160, 0.0265537591030842
55, 161, 0.0286976478850712
55, 162, 0.0309629270784508
55, 163, 0.0333471039599714
55, 164, 0.0358473921097418
55, 165, 0.0384607345417224
55, 166, 0.0411838273170566
55, 167, 0.0440131433516694
55, 168, 0.0469449561480956
55, 169, 0.0499753632037972
55, 170, 0.0531003088736954
55, 171, 0.0563156064924712
55, 172, 0.0596169595917686
55, 173, 0.0629999820779086
55, 174, 0.0664602172664788
55, 175, 0.0699931557004351
55, 176, 0.0735942517075634
55, 177, 0.0772589386806916
55, 178, 0.0809826430894155
55, 179, 0.0847607972548767
55, 180, 0.0885888509390171
55, 181, 0.092462281816373
55, 182, 0.0963766049098299
55, 183, 0.100327381081686
55, 184, 0.104310224677867
55, 185, 0.108320810426349
55, 186, 0.112354879690935
55, 187, 0.116408246178602
55, 188, 0.12047680119319
55, 189, 0.124556518520373
55, 190, 0.128643459019107
55, 191, 0.132733774983413
55, 192, 0.136823714325994
55, 193, 0.140909624621924
55, 194, 0.1449879570372
55, 195, 0.149055270153592
55, 196, 0.153108233688194
55, 197, 0.157143632094008
55, 198, 0.161158368016885
55, 199, 0.165149465574502
55, 200, 0.169114073415125
55, 201, 0.173049467507682
55, 202, 0.176953053610481
55, 203, 0.180822369363649
55, 204, 0.184655085950192
55, 205, 0.188449009272366
55, 206, 0.192202080593787
55, 207, 0.195912376603162
55, 208, 0.199578108862717
55, 209, 0.203197622612805
55, 210, 0.2067693949139
55, 211, 0.210292032117685
55, 212, 0.213764266670036
55, 213, 0.217184953260092
55, 214, 0.220553064340988
55, 215, 0.223867685058812
55, 216, 0.227128007636795
55, 217, 0.230333325271269
55, 218, 0.233483025604371
55, 219, 0.236576583845506
55, 220, 0.239613555619319
55, 221, 0.24259356962179
55, 222, 0.245516320168513
55, 223, 0.248381559719819
55, 224, 0.251189091466228
55, 225, 0.253938762055196
55, 226, 0.256630454535705
55, 227, 0.259264081591741
55, 228, 0.261839579128822
55, 229, 0.264356900269917
55, 230, 0.266816009808392
55, 231, 0.269216879156484
55, 232, 0.271559481818159
55, 233, 0.273843789405672
55, 234, 0.276069768209492
55, 235, 0.278237376322166
55, 236, 0.280346561308
55, 237, 0.282397258402408
55, 238, 0.284389389217705
55, 239, 0.286322860925829
55, 240, 0.28819756588333
55, 241, 0.290013381659748
55, 242, 0.291770171427502
55, 243, 0.293467784669317
55, 244, 0.295106058158258
55, 245, 0.296684817165408
55, 246, 0.298203876851021
55, 247, 0.299663043796638
55, 248, 0.301062117637954
55, 249, 0.302400892761022
55, 250, 0.303679160027738
55, 251, 0.304896708500122
55, 252, 0.306053327136771
55, 253, 0.307148806438718
55, 254, 0.308182940025928
55, 255, 0.309155526129428
55, 256, 0.310066368987747
55, 257, 0.310915280139705
55, 258, 0.311702079608777
55, 259, 0.312426596976931
55, 260, 0.313088672348328
55, 261, 0.313688157205223
55, 262, 0.314224915160004
55, 263, 0.314698822608595
55, 264, 0.315109769291193
55, 265, 0.315457658766794
55, 266, 0.315742408808098
55, 267, 0.315963951723149
55, 268, 0.316122234609575
55, 269, 0.316217219546614
55, 270, 0.316248883729106
55, 271, 0.316217219546613
55, 272, 0.316122234609576
55, 273, 0.315963951723148
55, 274, 0.315742408808099
55, 275, 0.315457658766794
55, 276, 0.315109769291194
55, 277, 0.314698822608596
55, 278, 0.314224915160003
55, 279, 0.313688157205222
55, 280, 0.313088672348327
55, 281, 0.31242659697693
55, 282, 0.311702079608777
55, 283, 0.310915280139706
55, 284, 0.310066368987748
55, 285, 0.309155526129427
55, 286, 0.308182940025927
55, 287, 0.307148806438718
55, 288, 0.306053327136772
55, 289, 0.304896708500121
55, 290, 0.303679160027738
55, 291, 0.302400892761021
55, 292, 0.301062117637953
55, 293, 0.299663043796639
55, 294, 0.298203876851021
55, 295, 0.296684817165408
55, 296, 0.295106058158258
55, 297, 0.293467784669316
55, 298, 0.291770171427501
55, 299, 0.290013381659748
55, 300, 0.28819756588333
55, 301, 0.28632286092583
55, 302, 0.284389389217705
55, 303, 0.282397258402409
55, 304, 0.280346561308002
55, 305, 0.278237376322167
55, 306, 0.276069768209492
55, 307, 0.273843789405672
55, 308, 0.271559481818159
55, 309, 0.269216879156482
55, 310, 0.266816009808393
55, 311, 0.264356900269917
55, 312, 0.261839579128822
55, 313, 0.25926408159174
55, 314, 0.256630454535707
55, 315, 0.253938762055197
55, 316, 0.251189091466228
55, 317, 0.248381559719819
55, 318, 0.245516320168515
55, 319, 0.242593569621789
55, 320, 0.23961355561932
55, 321, 0.236576583845507
55, 322, 0.233483025604371
55, 323, 0.23033332527127
55, 324, 0.227128007636796
55, 325, 0.223867685058812
55, 326, 0.220553064340988
55, 327, 0.217184953260092
55, 328, 0.213764266670037
55, 329, 0.210292032117686
55, 330, 0.2067693949139
55, 331, 0.203197622612806
55, 332, 0.199578108862717
55, 333, 0.195912376603162
55, 334, 0.192202080593786
55, 335, 0.188449009272366
55, 336, 0.184655085950192
55, 337, 0.180822369363649
55, 338, 0.176953053610482
55, 339, 0.173049467507682
55, 340, 0.169114073415125
55, 341, 0.165149465574501
55, 342, 0.161158368016884
55, 343, 0.157143632094009
55, 344, 0.153108233688194
55, 345, 0.149055270153592
55, 346, 0.1449879570372
55, 347, 0.140909624621924
55, 348, 0.136823714325996
55, 349, 0.132733774983413
55, 350, 0.128643459019107
55, 351, 0.124556518520374
55, 352, 0.12047680119319
55, 353, 0.116408246178603
55, 354, 0.112354879690936
55, 355, 0.108320810426349
55, 356, 0.104310224677866
55, 357, 0.100327381081687
55, 358, 0.0963766049098293
55, 359, 0.0924622818163728
55, 360, 0.0885888509390175
56, 0, 0.0863897105732317
56, 1, 0.0826196934874267
56, 2, 0.0789013504389733
56, 3, 0.0752392087573342
56, 4, 0.0716378108692344
56, 5, 0.0681017029909362
56, 6, 0.0646354226157332
56, 7, 0.0612434847326681
56, 8, 0.0579303667330133
56, 9, 0.0547004919848788
56, 10, 0.051558212083067
56, 11, 0.0485077878105442
56, 12, 0.0455533688790944
56, 13, 0.0426989725492429
56, 14, 0.0399484612627056
56, 15, 0.0373055194536659
56, 16, 0.0347736297373548
56, 17, 0.0323560487048665
56, 18, 0.0300557825811231
56, 19, 0.0278755630275787
56, 20, 0.0258178233919392
56, 21, 0.0238846757231309
56, 22, 0.0220778888804661
56, 23, 0.020398868070862
56, 24, 0.018848636146772
56, 25, 0.0174278169899087
56, 26, 0.0161366212918063
56, 27, 0.014974835021844
56, 28, 0.0139418108467318
56, 29, 0.0130364627330134
56, 30, 0.012257263926363
56, 31, 0.0116022484589649
56, 32, 0.011069016289825
56, 33, 0.0106547421332931
56, 34, 0.0103561879793277
56, 35, 0.0101697192560336
56, 36, 0.010091324531818
56, 37, 0.0101166386021067
56, 38, 0.0102409687549747
56, 39, 0.0104593239622203
56, 40, 0.0107664466982747
56, 41, 0.0111568470497092
56, 42, 0.0116248387437168
56, 43, 0.0121645766954541
56, 44, 0.0127700956520089
56, 45, 0.013435349495441
56, 46, 0.0141542507590272
56, 47, 0.0149207099096818
56, 48, 0.0157286739554754
56, 49, 0.0165721639500785
56, 50, 0.0174453109855311
56, 51, 0.0183423902905645
56, 52, 0.0192578530832349
56, 53, 0.0201863558632653
56, 54, 0.0211227868704621
56, 55, 0.0220622894801069
56, 56, 0.023000282353454
56, 57, 0.023932476210452
56, 58, 0.0248548871416792
56, 59, 0.0257638464262523
56, 60, 0.0266560068712702
56, 61, 0.0275283457352773
56, 62, 0.0283781643424824
56, 63, 0.0292030845353064
56, 64, 0.0300010421496016
56, 65, 0.0307702777290572
56, 66, 0.0315093247224608
56, 67, 0.032216995429331
56, 68, 0.0328923649758247
56, 69, 0.0335347536137104
56, 70, 0.0341437076407127
56, 71, 0.0347189792408974
56, 72, 0.0352605055393122
56, 73, 0.0357683871562899
56, 74, 0.0362428665341572
56, 75, 0.0366843062932083
56, 76, 0.0370931678552859
56, 77, 0.0374699905528602
56, 78, 0.0378153714197743
56, 79, 0.038129945837452
56, 80, 0.0384143691880144
56, 81, 0.038669299643907
56, 82, 0.0388953822028974
56, 83, 0.0390932340579523
56, 84, 0.0392634313740091
56, 85, 0.0394064975281236
56, 86, 0.0395228928561165
56, 87, 0.0396130059376388
56, 88, 0.0396771464425008
56, 89, 0.0397155395539666
56, 90, 0.0397283219793154
56, 91, 0.0397155395539667
56, 92, 0.0396771464425008
56, 93, 0.0396130059376387
56, 94, 0.0395228928561165
56, 95, 0.0394064975281237
56, 96, 0.039263431374009
56, 97, 0.0390932340579527
56, 98, 0.0388953822028973
56, 99, 0.0386692996439072
56, 100, 0.0384143691880144
56, 101, 0.038129945837452
56, 102, 0.0378153714197745
56, 103, 0.0374699905528601
56, 104, 0.0370931678552856
56, 105, 0.0366843062932083
56, 106, 0.0362428665341574
56, 107, 0.0357683871562897
56, 108, 0.0352605055393124
56, 109, 0.034718979240897
56, 110, 0.0341437076407128
56, 111, 0.0335347536137103
56, 112, 0.0328923649758246
56, 113, 0.0322169954293308
56, 114, 0.031509324722461
56, 115, 0.0307702777290574
56, 116, 0.0300010421496014
56, 117, 0.0292030845353064
56, 118, 0.0283781643424825
56, 119, 0.027528345735277
56, 120, 0.0266560068712701
56, 121, 0.0257638464262523
56, 122, 0.0248548871416794
56, 123, 0.023932476210452
56, 124, 0.0230002823534538
56, 125, 0.0220622894801069
56, 126, 0.0211227868704622
56, 127, 0.0201863558632654
56, 128, 0.0192578530832348
56, 129, 0.0183423902905644
56, 130, 0.0174453109855311
56, 131, 0.0165721639500785
56, 132, 0.0157286739554754
56, 133, 0.0149207099096818
56, 134, 0.0141542507590273
56, 135, 0.013435349495441
56, 136, 0.0127700956520088
56, 137, 0.012164576695454
56, 138, 0.0116248387437167
56, 139, 0.0111568470497091
56, 140, 0.0107664466982747
56, 141, 0.0104593239622203
56, 142, 0.0102409687549748
56, 143, 0.0101166386021066
56, 144, 0.0100913245318178
56, 145, 0.0101697192560336
56, 146, 0.0103561879793277
56, 147, 0.0106547421332929
56, 148, 0.011069016289825
56, 149, 0.0116022484589652
56, 150, 0.012257263926363
56, 151, 0.0130364627330133
56, 152, 0.0139418108467316
56, 153, 0.0149748350218439
56, 154, 0.0161366212918062
56, 155, 0.0174278169899085
56, 156, 0.018848636146772
56, 157, 0.0203988680708619
56, 158, 0.0220778888804659
56, 159, 0.0238846757231309
56, 160, 0.0258178233919392
56, 161, 0.0278755630275789
56, 162, 0.0300557825811229
56, 163, 0.0323560487048666
56, 164, 0.0347736297373544
56, 165, 0.0373055194536661
56, 166, 0.0399484612627056
56, 167, 0.0426989725492429
56, 168, 0.0455533688790944
56, 169, 0.0485077878105441
56, 170, 0.0515582120830667
56, 171, 0.0547004919848789
56, 172, 0.0579303667330135
56, 173, 0.0612434847326681
56, 174, 0.0646354226157334
56, 175, 0.0681017029909362
56, 176, 0.0716378108692344
56, 177, 0.0752392087573342
56, 178, 0.0789013504389733
56, 179, 0.0826196934874273
56, 180, 0.0863897105732317
56, 181, 0.0902068996480735
56, 182, 0.0940667930990996
56, 183, 0.0979649659773689
56, 184, 0.101897043409971
56, 185, 0.10585870730747
56, 186, 0.109845702477061
56, 187, 0.113853842247457
56, 188, 0.11787901370423
56, 189, 0.121917182624707
56, 190, 0.12596439818977
56, 191, 0.130016797536636
56, 192, 0.13407061020224
56, 193, 0.138122162491765
56, 194, 0.142167881791508
56, 195, 0.146204300830215
56, 196, 0.150228061878536
56, 197, 0.15423592086283
56, 198, 0.158224751357504
56, 199, 0.162191548409648
56, 200, 0.166133432141278
56, 201, 0.170047651068088
56, 202, 0.173931585069503
56, 203, 0.177782747942969
56, 204, 0.181598789475898
56, 205, 0.18537749697149
56, 206, 0.189116796169525
56, 207, 0.192814751510217
56, 208, 0.196469565697922
56, 209, 0.200079578531838
56, 210, 0.203643264982323
56, 211, 0.20715923250404
56, 212, 0.210626217590197
56, 213, 0.214043081585487
56, 214, 0.217408805788692
56, 215, 0.220722485888629
56, 216, 0.223983325789216
56, 217, 0.227190630890417
56, 218, 0.230343800901391
56, 219, 0.233442322270277
56, 220, 0.236485760321237
56, 221, 0.239473751193852
56, 222, 0.242405993682238
56, 223, 0.245282241071759
56, 224, 0.248102293069493
56, 225, 0.250865987921237
56, 226, 0.253573194802437
56, 227, 0.256223806563673
56, 228, 0.258817732903025
56, 229, 0.261354894028206
56, 230, 0.263835214861135
56, 231, 0.266258619826579
56, 232, 0.268625028255375
56, 233, 0.270934350421285
56, 234, 0.273186484219547
56, 235, 0.275381312484347
56, 236, 0.277518700932603
56, 237, 0.279598496712087
56, 238, 0.281620527523953
56, 239, 0.283584601282566
56, 240, 0.2854905062698
56, 241, 0.28733801173639
56, 242, 0.289126868899683
56, 243, 0.290856812285086
56, 244, 0.292527561357662
56, 245, 0.294138822390674
56, 246, 0.295690290519137
56, 247, 0.297181651928635
56, 248, 0.298612586132672
56, 249, 0.299982768295409
56, 250, 0.301291871560669
56, 251, 0.302539569352621
56, 252, 0.303725537618104
56, 253, 0.304849456985293
56, 254, 0.30591101481814
56, 255, 0.306909907150463
56, 256, 0.307845840487932
56, 257, 0.308718533470193
56, 258, 0.309527718388921
56, 259, 0.310273142560886
56, 260, 0.310954569557769
56, 261, 0.311571780296797
56, 262, 0.312124573998066
56, 263, 0.312612769015696
56, 264, 0.313036203550855
56, 265, 0.313394736255135
56, 266, 0.313688246732739
56, 267, 0.313916635949627
56, 268, 0.314079826557067
56, 269, 0.314177763136097
56, 270, 0.314210412368202
56, 271, 0.314177763136098
56, 272, 0.314079826557066
56, 273, 0.313916635949626
56, 274, 0.313688246732739
56, 275, 0.313394736255136
56, 276, 0.313036203550854
56, 277, 0.312612769015696
56, 278, 0.312124573998065
56, 279, 0.311571780296797
56, 280, 0.310954569557768
56, 281, 0.310273142560887
56, 282, 0.309527718388921
56, 283, 0.308718533470192
56, 284, 0.307845840487933
56, 285, 0.306909907150465
56, 286, 0.305911014818142
56, 287, 0.304849456985293
56, 288, 0.303725537618103
56, 289, 0.302539569352622
56, 290, 0.30129187156067
56, 291, 0.29998276829541
56, 292, 0.298612586132673
56, 293, 0.297181651928634
56, 294, 0.295690290519137
56, 295, 0.294138822390674
56, 296, 0.292527561357661
56, 297, 0.290856812285086
56, 298, 0.289126868899683
56, 299, 0.28733801173639
56, 300, 0.2854905062698
56, 301, 0.283584601282567
56, 302, 0.281620527523954
56, 303, 0.279598496712087
56, 304, 0.277518700932604
56, 305, 0.275381312484349
56, 306, 0.273186484219545
56, 307, 0.270934350421285
56, 308, 0.268625028255373
56, 309, 0.266258619826581
56, 310, 0.263835214861135
56, 311, 0.261354894028207
56, 312, 0.258817732903024
56, 313, 0.256223806563674
56, 314, 0.253573194802438
56, 315, 0.250865987921237
56, 316, 0.248102293069493
56, 317, 0.245282241071756
56, 318, 0.242405993682239
56, 319, 0.239473751193852
56, 320, 0.236485760321238
56, 321, 0.233442322270276
56, 322, 0.230343800901391
56, 323, 0.227190630890416
56, 324, 0.223983325789216
56, 325, 0.220722485888628
56, 326, 0.217408805788691
56, 327, 0.214043081585486
56, 328, 0.210626217590197
56, 329, 0.207159232504041
56, 330, 0.203643264982324
56, 331, 0.200079578531838
56, 332, 0.196469565697922
56, 333, 0.192814751510216
56, 334, 0.189116796169525
56, 335, 0.185377496971491
56, 336, 0.181598789475899
56, 337, 0.177782747942969
56, 338, 0.173931585069504
56, 339, 0.170047651068087
56, 340, 0.166133432141278
56, 341, 0.162191548409649
56, 342, 0.158224751357504
56, 343, 0.15423592086283
56, 344, 0.150228061878536
56, 345, 0.146204300830215
56, 346, 0.142167881791508
56, 347, 0.138122162491765
56, 348, 0.13407061020224
56, 349, 0.130016797536636
56, 350, 0.12596439818977
56, 351, 0.121917182624706
56, 352, 0.11787901370423
56, 353, 0.113853842247457
56, 354, 0.109845702477061
56, 355, 0.10585870730747
56, 356, 0.101897043409971
56, 357, 0.0979649659773687
56, 358, 0.0940667930990998
56, 359, 0.0902068996480742
56, 360, 0.0863897105732319
57, 0, 0.0841651764906848
57, 1, 0.0804578974477893
57, 2, 0.0768040436078511
57, 3, 0.0732081125162612
57, 4, 0.0696746139039022
57, 5, 0.0662080586973092
57, 6, 0.0628129468126577
57, 7, 0.05949375365623
57, 8, 0.0562549152751306
57, 9, 0.0531008121268252
57, 10, 0.0500357514641694
57, 11, 0.0470639483635212
57, 12, 0.0441895054567613
57, 13, 0.0414163914627741
57, 14, 0.0387484186496154
57, 15, 0.03618921939423
57, 16, 0.0337422220414386
57, 17, 0.0314106262970621
57, 18, 0.0291973784206295
57, 19, 0.0271051465102654
57, 20, 0.0251362961952444
57, 21, 0.023292867069634
57, 22, 0.0215765502127106
57, 23, 0.0199886671479555
57, 24, 0.0185301505919581
57, 25, 0.0172015273372508
57, 26, 0.016002903598847
57, 27, 0.0149339531331217
57, 28, 0.0139939084098856
57, 29, 0.013181555084433
57, 30, 0.0124952299765526
57, 31, 0.0119328227186257
57, 32, 0.0114917811858303
57, 33, 0.0111691207690119
57, 34, 0.0109614374959648
57, 35, 0.0108649249507486
57, 36, 0.0108753948843
57, 37, 0.0109883013541085
57, 38, 0.0111987681771409
57, 39, 0.011501619429566
57, 40, 0.0118914126801181
57, 41, 0.0123624746019943
57, 42, 0.012908938571823
57, 43, 0.0135247838340873
57, 44, 0.0142038757860317
57, 45, 0.0149400069218512
57, 46, 0.0157269379662133
57, 47, 0.0165584387259195
57, 48, 0.0174283281948393
57, 49, 0.0183305134609135
57, 50, 0.0192590269847712
57, 51, 0.0202080618468824
57, 52, 0.0211720045936287
57, 53, 0.0221454653515563
57, 54, 0.0231233049226178
57, 55, 0.0241006586205635
57, 56, 0.0250729566588989
57, 57, 0.0260359409530177
57, 58, 0.0269856782522777
57, 59, 0.0279185695708771
57, 60, 0.028831355938471
57, 61, 0.0297211205415724
57, 62, 0.0305852873740134
57, 63, 0.031421616558328
57, 64, 0.0322281965391073
57, 65, 0.0330034333836015
57, 66, 0.0337460374536378
57, 67, 0.0344550077359468
57, 68, 0.0351296141350665
57, 69, 0.0357693780441065
57, 70, 0.0363740515138924
57, 71, 0.0369435953406367
57, 72, 0.0374781563866686
57, 73, 0.0379780444383931
57, 74, 0.0384437088911357
57, 75, 0.0388757155324844
57, 76, 0.0392747236749355
57, 77, 0.0396414638657622
57, 78, 0.0399767163778609
57, 79, 0.0402812906605423
57, 80, 0.0405560059046221
57, 81, 0.0408016728522038
57, 82, 0.0410190769589863
57, 83, 0.0412089629959848
57, 84, 0.0413720211588733
57, 85, 0.041508874736713
57, 86, 0.0416200693779646
57, 87, 0.0417060639803181
57, 88, 0.041767223221989
57, 89, 0.0418038117454238
57, 90, 0.0418159899997786
57, 91, 0.0418038117454238
57, 92, 0.0417672232219891
57, 93, 0.0417060639803185
57, 94, 0.0416200693779646
57, 95, 0.0415088747367129
57, 96, 0.0413720211588737
57, 97, 0.0412089629959847
57, 98, 0.0410190769589867
57, 99, 0.0408016728522041
57, 100, 0.040556005904622
57, 101, 0.0402812906605423
57, 102, 0.0399767163778609
57, 103, 0.0396414638657624
57, 104, 0.0392747236749355
57, 105, 0.0388757155324841
57, 106, 0.0384437088911357
57, 107, 0.0379780444383933
57, 108, 0.0374781563866687
57, 109, 0.0369435953406371
57, 110, 0.0363740515138923
57, 111, 0.035769378044106
57, 112, 0.0351296141350668
57, 113, 0.0344550077359469
57, 114, 0.0337460374536378
57, 115, 0.0330034333836014
57, 116, 0.0322281965391075
57, 117, 0.0314216165583279
57, 118, 0.0305852873740134
57, 119, 0.0297211205415725
57, 120, 0.0288313559384711
57, 121, 0.0279185695708772
57, 122, 0.0269856782522778
57, 123, 0.0260359409530177
57, 124, 0.0250729566588989
57, 125, 0.0241006586205636
57, 126, 0.0231233049226178
57, 127, 0.0221454653515561
57, 128, 0.0211720045936288
57, 129, 0.0202080618468825
57, 130, 0.0192590269847712
57, 131, 0.0183305134609136
57, 132, 0.0174283281948393
57, 133, 0.0165584387259194
57, 134, 0.0157269379662132
57, 135, 0.0149400069218512
57, 136, 0.0142038757860316
57, 137, 0.0135247838340874
57, 138, 0.0129089385718228
57, 139, 0.0123624746019943
57, 140, 0.0118914126801179
57, 141, 0.011501619429566
57, 142, 0.011198768177141
57, 143, 0.0109883013541086
57, 144, 0.0108753948842998
57, 145, 0.0108649249507487
57, 146, 0.0109614374959647
57, 147, 0.0111691207690119
57, 148, 0.0114917811858305
57, 149, 0.0119328227186259
57, 150, 0.0124952299765527
57, 151, 0.0131815550844331
57, 152, 0.0139939084098855
57, 153, 0.0149339531331216
57, 154, 0.0160029035988471
57, 155, 0.0172015273372507
57, 156, 0.0185301505919581
57, 157, 0.0199886671479554
57, 158, 0.0215765502127103
57, 159, 0.0232928670696339
57, 160, 0.0251362961952445
57, 161, 0.0271051465102654
57, 162, 0.0291973784206295
57, 163, 0.031410626297062
57, 164, 0.0337422220414389
57, 165, 0.0361892193942302
57, 166, 0.0387484186496155
57, 167, 0.0414163914627742
57, 168, 0.0441895054567614
57, 169, 0.0470639483635212
57, 170, 0.0500357514641693
57, 171, 0.0531008121268256
57, 172, 0.0562549152751308
57, 173, 0.05949375365623
57, 174, 0.0628129468126579
57, 175, 0.0662080586973089
57, 176, 0.0696746139039021
57, 177, 0.0732081125162613
57, 178, 0.0768040436078512
57, 179, 0.0804578974477895
57, 180, 0.0841651764906848
57, 181, 0.0879214052448125
57, 182, 0.0917221391262472
57, 183, 0.0955629724154946
57, 184, 0.0994395454380736
57, 185, 0.103347551091411
57, 186, 0.107282740837694
57, 187, 0.111240930276165
57, 188, 0.115218004399261
57, 189, 0.119209922625225
57, 190, 0.123212723686034
57, 191, 0.127222530434014
57, 192, 0.131235554613973
57, 193, 0.135248101630482
57, 194, 0.139256575322725
57, 195, 0.143257482742392
57, 196, 0.147247438914141
57, 197, 0.151223171543289
57, 198, 0.155181525622347
57, 199, 0.159119467876759
57, 200, 0.163034090981292
57, 201, 0.166922617471998
57, 202, 0.170782403274652
57, 203, 0.174610940769303
57, 204, 0.17840586131183
57, 205, 0.182164937137262
57, 206, 0.185886082576015
57, 207, 0.189567354522668
57, 208, 0.193206952107592
57, 209, 0.196803215533974
57, 210, 0.200354624056551
57, 211, 0.203859793093009
57, 212, 0.207317470474376
57, 213, 0.210726531856334
57, 214, 0.214085975328679
57, 215, 0.217394915275032
57, 216, 0.220652575548721
57, 217, 0.223858282043288
57, 218, 0.227011454747032
57, 219, 0.230111599380023
57, 220, 0.23315829871899
57, 221, 0.236151203720278
57, 222, 0.239090024553393
57, 223, 0.241974521657792
57, 224, 0.244804496933361
57, 225, 0.247579785170507
57, 226, 0.250300245819417
57, 227, 0.252965755189667
57, 228, 0.255576199161494
57, 229, 0.258131466478812
57, 230, 0.260631442681944
57, 231, 0.26307600472509
57, 232, 0.265465016310419
57, 233, 0.267798323957449
57, 234, 0.270075753813426
57, 235, 0.272297109198083
57, 236, 0.274462168864641
57, 237, 0.276570685948405
57, 238, 0.278622387565083
57, 239, 0.280616975013047
57, 240, 0.282554124527303
57, 241, 0.284433488527987
57, 242, 0.286254697302746
57, 243, 0.28801736106042
57, 244, 0.289721072292742
57, 245, 0.291365408381614
57, 246, 0.29294993439128
57, 247, 0.294474205987668
57, 248, 0.295937772430921
57, 249, 0.29734017959161
57, 250, 0.298680972946102
57, 251, 0.299959700511933
57, 252, 0.301175915689593
57, 253, 0.302329179982746
57, 254, 0.303419065574468
57, 255, 0.304445157742395
57, 256, 0.305407057100729
57, 257, 0.306304381661677
57, 258, 0.307136768713078
57, 259, 0.307903876512668
57, 260, 0.308605385802475
57, 261, 0.309241001149529
57, 262, 0.309810452120887
57, 263, 0.310313494302588
57, 264, 0.310749910172885
57, 265, 0.311119509840575
57, 266, 0.311422131659127
57, 267, 0.311657642726775
57, 268, 0.311825939281868
57, 269, 0.311926947001471
57, 270, 0.311960621209835
57, 271, 0.311926947001472
57, 272, 0.311825939281868
57, 273, 0.311657642726777
57, 274, 0.311422131659126
57, 275, 0.311119509840574
57, 276, 0.310749910172885
57, 277, 0.310313494302589
57, 278, 0.309810452120886
57, 279, 0.309241001149528
57, 280, 0.308605385802476
57, 281, 0.307903876512667
57, 282, 0.30713676871308
57, 283, 0.306304381661677
57, 284, 0.305407057100728
57, 285, 0.304445157742396
57, 286, 0.303419065574466
57, 287, 0.302329179982745
57, 288, 0.301175915689593
57, 289, 0.299959700511934
57, 290, 0.298680972946102
57, 291, 0.29734017959161
57, 292, 0.295937772430922
57, 293, 0.294474205987668
57, 294, 0.292949934391281
57, 295, 0.291365408381615
57, 296, 0.289721072292743
57, 297, 0.28801736106042
57, 298, 0.286254697302746
57, 299, 0.284433488527985
57, 300, 0.282554124527304
57, 301, 0.280616975013046
57, 302, 0.278622387565082
57, 303, 0.276570685948405
57, 304, 0.274462168864642
57, 305, 0.272297109198083
57, 306, 0.270075753813426
57, 307, 0.267798323957448
57, 308, 0.265465016310417
57, 309, 0.263076004725088
57, 310, 0.260631442681945
57, 311, 0.258131466478811
57, 312, 0.255576199161492
57, 313, 0.252965755189667
57, 314, 0.250300245819416
57, 315, 0.247579785170507
57, 316, 0.244804496933362
57, 317, 0.241974521657792
57, 318, 0.239090024553393
57, 319, 0.236151203720279
57, 320, 0.23315829871899
57, 321, 0.230111599380023
57, 322, 0.227011454747034
57, 323, 0.223858282043288
57, 324, 0.22065257554872
57, 325, 0.217394915275033
57, 326, 0.214085975328679
57, 327, 0.210726531856334
57, 328, 0.207317470474375
57, 329, 0.203859793093009
57, 330, 0.200354624056551
57, 331, 0.196803215533974
57, 332, 0.193206952107592
57, 333, 0.189567354522669
57, 334, 0.185886082576016
57, 335, 0.182164937137263
57, 336, 0.178405861311829
57, 337, 0.174610940769304
57, 338, 0.170782403274652
57, 339, 0.166922617471998
57, 340, 0.163034090981293
57, 341, 0.159119467876759
57, 342, 0.155181525622346
57, 343, 0.151223171543289
57, 344, 0.14724743891414
57, 345, 0.143257482742392
57, 346, 0.139256575322725
57, 347, 0.135248101630482
57, 348, 0.131235554613973
57, 349, 0.127222530434015
57, 350, 0.123212723686035
57, 351, 0.119209922625226
57, 352, 0.115218004399261
57, 353, 0.111240930276165
57, 354, 0.107282740837694
57, 355, 0.103347551091412
57, 356, 0.0994395454380734
57, 357, 0.0955629724154942
57, 358, 0.0917221391262468
57, 359, 0.0879214052448125
57, 360, 0.0841651764906852
58, 0, 0.0819190672872399
58, 1, 0.0782790136349246
58, 2, 0.0746940985747156
58, 3, 0.0711687835169031
58, 4, 0.0677075385621357
58, 5, 0.0643148318618341
58, 6, 0.0609951177595752
58, 7, 0.0577528236220426
58, 8, 0.0545923352897584
58, 9, 0.0515179811035152
58, 10, 0.0485340144918019
58, 11, 0.0456445951371248
58, 12, 0.0428537687743018
58, 13, 0.04016544571084
58, 14, 0.0375833781976381
58, 15, 0.035111136816552
58, 16, 0.0327520860889481
58, 17, 0.0305093595452453
58, 18, 0.0283858345287127
58, 19, 0.0263841070364411
58, 20, 0.0245064669256021
58, 21, 0.0227548738330325
58, 22, 0.0211309341700883
58, 23, 0.0196358795620553
58, 24, 0.0182705471017018
58, 25, 0.0170353617795482
58, 26, 0.0159303214389822
58, 27, 0.0149549845825304
58, 28, 0.0141084613266521
58, 29, 0.013389407766767
58, 30, 0.0127960239724268
58, 31, 0.0123260557853583
58, 32, 0.0119768005413816
58, 33, 0.0117451167819108
58, 34, 0.0116274379629675
58, 35, 0.0116197901104652
58, 36, 0.011717813311125
58, 37, 0.0119167868698923
58, 38, 0.0122116579083022
58, 39, 0.0125970731249182
58, 40, 0.0130674133898084
58, 41, 0.0136168308008938
58, 42, 0.0142392877917552
58, 43, 0.0149285978487815
58, 44, 0.0156784673709474
58, 45, 0.0164825381884473
58, 46, 0.0173344302471553
58, 47, 0.018227783964545
58, 48, 0.0191563017692821
58, 49, 0.0201137883510339
58, 50, 0.0210941891688052
58, 51, 0.0220916267948813
58, 52, 0.0231004347066721
58, 53, 0.0241151881797149
58, 54, 0.0251307319810371
58, 55, 0.0261422046120937
58, 56, 0.0271450589036727
58, 57, 0.0281350788204389
58, 58, 0.0291083923891789
58, 59, 0.0300614807211791
58, 60, 0.030991183154559
58, 61, 0.0318946985956758
58, 62, 0.0327695831890251
58, 63, 0.0336137444914677
58, 64, 0.0344254323683501
58, 65, 0.0352032268654637
58, 66, 0.0359460233413596
58, 67, 0.0366530151688258
58, 68, 0.03732367433224
58, 69, 0.0379577302588844
58, 70, 0.0385551472273585
58, 71, 0.0391161006951229
58, 72, 0.0396409528804382
58, 73, 0.0401302279220224
58, 74, 0.0405845869232872
58, 75, 0.0410048031677726
58, 76, 0.0413917377691532
58, 77, 0.0417463159937718
58, 78, 0.0420695044668875
58, 79, 0.0423622894465327
58, 80, 0.0426256563218053
58, 81, 0.0428605704662986
58, 82, 0.0430679595528001
58, 83, 0.0432486974128694
58, 84, 0.0434035895048892
58, 85, 0.0435333600368693
58, 86, 0.0436386407758677
58, 87, 0.0437199615644454
58, 88, 0.0437777425558413
58, 89, 0.043812288173527
58, 90, 0.0438237827969703
58, 91, 0.0438122881735269
58, 92, 0.0437777425558405
58, 93, 0.0437199615644452
58, 94, 0.0436386407758676
58, 95, 0.0435333600368691
58, 96, 0.0434035895048895
58, 97, 0.0432486974128694
58, 98, 0.0430679595528004
58, 99, 0.0428605704662986
58, 100, 0.0426256563218053
58, 101, 0.0423622894465326
58, 102, 0.0420695044668874
58, 103, 0.0417463159937717
58, 104, 0.0413917377691531
58, 105, 0.0410048031677726
58, 106, 0.0405845869232871
58, 107, 0.0401302279220228
58, 108, 0.0396409528804384
58, 109, 0.0391161006951232
58, 110, 0.0385551472273588
58, 111, 0.0379577302588842
58, 112, 0.0373236743322399
58, 113, 0.0366530151688256
58, 114, 0.0359460233413597
58, 115, 0.0352032268654639
58, 116, 0.0344254323683501
58, 117, 0.0336137444914679
58, 118, 0.032769583189025
58, 119, 0.0318946985956757
58, 120, 0.0309911831545593
58, 121, 0.030061480721179
58, 122, 0.0291083923891789
58, 123, 0.0281350788204391
58, 124, 0.0271450589036727
58, 125, 0.026142204612094
58, 126, 0.0251307319810371
58, 127, 0.0241151881797147
58, 128, 0.023100434706672
58, 129, 0.0220916267948815
58, 130, 0.0210941891688051
58, 131, 0.0201137883510338
58, 132, 0.0191563017692821
58, 133, 0.0182277839645449
58, 134, 0.0173344302471553
58, 135, 0.0164825381884471
58, 136, 0.0156784673709474
58, 137, 0.0149285978487818
58, 138, 0.0142392877917551
58, 139, 0.0136168308008937
58, 140, 0.0130674133898085
58, 141, 0.0125970731249182
58, 142, 0.0122116579083021
58, 143, 0.0119167868698922
58, 144, 0.0117178133111251
58, 145, 0.0116197901104653
58, 146, 0.0116274379629675
58, 147, 0.0117451167819107
58, 148, 0.0119768005413816
58, 149, 0.0123260557853583
58, 150, 0.0127960239724268
58, 151, 0.013389407766767
58, 152, 0.014108461326652
58, 153, 0.0149549845825304
58, 154, 0.0159303214389822
58, 155, 0.0170353617795484
58, 156, 0.0182705471017018
58, 157, 0.0196358795620555
58, 158, 0.0211309341700885
58, 159, 0.0227548738330323
58, 160, 0.0245064669256019
58, 161, 0.0263841070364412
58, 162, 0.0283858345287127
58, 163, 0.0305093595452455
58, 164, 0.0327520860889482
58, 165, 0.035111136816552
58, 166, 0.037583378197638
58, 167, 0.0401654457108398
58, 168, 0.0428537687743019
58, 169, 0.0456445951371249
58, 170, 0.0485340144918019
58, 171, 0.0515179811035153
58, 172, 0.0545923352897577
58, 173, 0.0577528236220422
58, 174, 0.0609951177595753
58, 175, 0.0643148318618343
58, 176, 0.0677075385621355
58, 177, 0.0711687835169034
58, 178, 0.0746940985747151
58, 179, 0.0782790136349248
58, 180, 0.0819190672872395
58, 181, 0.0856098163409412
58, 182, 0.0893468443651749
58, 183, 0.0931257693700198
58, 184, 0.0969422507618776
58, 185, 0.100791995706282
58, 186, 0.104670765026864
58, 187, 0.108574378761161
58, 188, 0.112498721482823
58, 189, 0.116439747485777
58, 190, 0.120393485909896
58, 191, 0.124356045869903
58, 192, 0.128323621630465
58, 193, 0.132292497851073
58, 194, 0.136259054904977
58, 195, 0.140219774257737
58, 196, 0.144171243873248
58, 197, 0.148110163598955
58, 198, 0.152033350467717
58, 199, 0.155937743841865
58, 200, 0.159820410315554
58, 201, 0.163678548284908
58, 202, 0.167509492091755
58, 203, 0.171310715645979
58, 204, 0.175079835433836
58, 205, 0.178814612824653
58, 206, 0.182512955596273
58, 207, 0.186172918610021
58, 208, 0.189792703578555
58, 209, 0.193370657884617
58, 210, 0.196905272424697
58, 211, 0.200395178468792
58, 212, 0.203839143545321
58, 213, 0.207236066378165
58, 214, 0.210584970920592
58, 215, 0.213884999547785
58, 216, 0.217135405485525
58, 217, 0.22033554456685
58, 218, 0.223484866420856
58, 219, 0.226582905207987
58, 220, 0.229629270023837
58, 221, 0.232623635098579
58, 222, 0.235565729921608
58, 223, 0.238455329420576
58, 224, 0.241292244321067
58, 225, 0.244076311807676
58, 226, 0.246807386599297
58, 227, 0.249485332541554
58, 228, 0.252110014807519
58, 229, 0.25468129278459
58, 230, 0.257199013711139
58, 231, 0.259663007111484
58, 232, 0.262073080062274
58, 233, 0.264429013308194
58, 234, 0.266730558229783
58, 235, 0.268977434652048
58, 236, 0.271169329469342
58, 237, 0.273305896049994
58, 238, 0.275386754373788
58, 239, 0.277411491846465
58, 240, 0.279379664728392
58, 241, 0.281290800109048
58, 242, 0.283144398355505
58, 243, 0.284939935961067
58, 244, 0.286676868720012
58, 245, 0.288354635155547
58, 246, 0.289972660130672
58, 247, 0.291530358575333
58, 248, 0.293027139267937
58, 249, 0.294462408614761
58, 250, 0.295835574376834
58, 251, 0.297146049300288
58, 252, 0.29839325461277
58, 253, 0.299576623355204
58, 254, 0.300695603524624
58, 255, 0.301749661010076
58, 256, 0.302738282309415
58, 257, 0.303660977020213
58, 258, 0.304517280102703
58, 259, 0.305306753916953
58, 260, 0.306028990039971
58, 261, 0.306683610871201
58, 262, 0.307270271037263
58, 263, 0.307788658608076
58, 264, 0.308238496137618
58, 265, 0.308619541542752
58, 266, 0.308931588833386
58, 267, 0.309174468706465
58, 268, 0.309348049015143
58, 269, 0.309452235122931
58, 270, 0.309486970150779
58, 271, 0.309452235122931
58, 272, 0.309348049015143
58, 273, 0.309174468706466
58, 274, 0.308931588833385
58, 275, 0.308619541542752
58, 276, 0.308238496137619
58, 277, 0.307788658608076
58, 278, 0.307270271037263
58, 279, 0.3066836108712
58, 280, 0.306028990039971
58, 281, 0.305306753916955
58, 282, 0.304517280102702
58, 283, 0.303660977020214
58, 284, 0.302738282309415
58, 285, 0.301749661010076
58, 286, 0.300695603524625
58, 287, 0.299576623355205
58, 288, 0.298393254612769
58, 289, 0.297146049300286
58, 290, 0.295835574376834
58, 291, 0.29446240861476
58, 292, 0.293027139267937
58, 293, 0.291530358575333
58, 294, 0.289972660130672
58, 295, 0.288354635155547
58, 296, 0.286676868720012
58, 297, 0.284939935961066
58, 298, 0.283144398355503
58, 299, 0.281290800109049
58, 300, 0.279379664728393
58, 301, 0.277411491846468
58, 302, 0.275386754373788
58, 303, 0.273305896049995
58, 304, 0.271169329469341
58, 305, 0.268977434652046
58, 306, 0.266730558229782
58, 307, 0.264429013308193
58, 308, 0.262073080062273
58, 309, 0.259663007111483
58, 310, 0.257199013711139
58, 311, 0.25468129278459
58, 312, 0.252110014807519
58, 313, 0.249485332541554
58, 314, 0.246807386599297
58, 315, 0.244076311807677
58, 316, 0.241292244321067
58, 317, 0.238455329420574
58, 318, 0.235565729921608
58, 319, 0.232623635098579
58, 320, 0.229629270023836
58, 321, 0.226582905207987
58, 322, 0.223484866420855
58, 323, 0.22033554456685
58, 324, 0.217135405485526
58, 325, 0.213884999547785
58, 326, 0.210584970920591
58, 327, 0.207236066378164
58, 328, 0.203839143545321
58, 329, 0.200395178468792
58, 330, 0.196905272424696
58, 331, 0.193370657884618
58, 332, 0.189792703578555
58, 333, 0.186172918610021
58, 334, 0.182512955596273
58, 335, 0.178814612824653
58, 336, 0.175079835433837
58, 337, 0.17131071564598
58, 338, 0.167509492091754
58, 339, 0.163678548284908
58, 340, 0.159820410315553
58, 341, 0.155937743841866
58, 342, 0.152033350467717
58, 343, 0.148110163598955
58, 344, 0.144171243873249
58, 345, 0.140219774257736
58, 346, 0.136259054904976
58, 347, 0.132292497851072
58, 348, 0.128323621630465
58, 349, 0.124356045869903
58, 350, 0.120393485909897
58, 351, 0.116439747485778
58, 352, 0.112498721482823
58, 353, 0.108574378761161
58, 354, 0.104670765026864
58, 355, 0.100791995706283
58, 356, 0.0969422507618775
58, 357, 0.0931257693700197
58, 358, 0.089346844365175
58, 359, 0.0856098163409417
58, 360, 0.0819190672872397
59, 0, 0.0796550023627121
59, 1, 0.0760864459014877
59, 2, 0.0725746877932284
59, 3, 0.0691241474977531
59, 4, 0.065739249078889
59, 5, 0.0624244109431005
59, 6, 0.0591840343653475
59, 7, 0.0560224906961292
59, 8, 0.0529441071656556
59, 9, 0.0499531512276187
59, 10, 0.047053813415656
59, 11, 0.0442501887197971
59, 12, 0.0415462565273236
59, 13, 0.0389458592117635
59, 14, 0.0364526794943542
59, 15, 0.0340702167432813
59, 16, 0.0318017624163186
59, 17, 0.0296503748911839
59, 18, 0.0276188539638528
59, 19, 0.02570971532731
59, 20, 0.0239251653707439
59, 21, 0.0222670766611244
59, 22, 0.0207369644846976
59, 23, 0.0193359648345113
59, 24, 0.0180648142311745
59, 25, 0.0169238317573601
59, 26, 0.0159129036719217
59, 27, 0.0150314709470149
59, 28, 0.0142785200415289
59, 29, 0.0136525771869131
59, 30, 0.0131517064177393
59, 31, 0.012773511529879
59, 32, 0.012515142094912
59, 33, 0.01237330360137
59, 34, 0.0123442717327897
59, 35, 0.0124239107304832
59, 36, 0.0126076957266574
59, 37, 0.0128907388722331
59, 38, 0.0132678190246131
59, 39, 0.0137334147048574
59, 40, 0.0142817399822894
59, 41, 0.0149067828984174
59, 42, 0.0156023460020699
59, 43, 0.0163620885344853
59, 44, 0.017179569777373
59, 45, 0.0180482930590617
59, 46, 0.0189617499041004
59, 47, 0.0199134638101537
59, 48, 0.020897033142784
59, 49, 0.0219061726535224
59, 50, 0.02293475314924
59, 51, 0.0239768388707716
59, 52, 0.0250267221754711
59, 53, 0.0260789551611818
59, 54, 0.0271283779172036
59, 55, 0.0281701431403106
59, 56, 0.0291997369097533
59, 57, 0.0302129954734107
59, 58, 0.0312061179567327
59, 59, 0.0321756749657286
59, 60, 0.033118613113886
59, 61, 0.0340322555594433
59, 62, 0.0349142986928566
59, 63, 0.0357628051636358
59, 64, 0.0365761934801114
59, 65, 0.0373532244543961
59, 66, 0.0380929847972519
59, 67, 0.0387948681933252
59, 68, 0.0394585542060329
59, 69, 0.0400839853731842
59, 70, 0.0406713428593206
59, 71, 0.0412210210290324
59, 72, 0.0417336012975915
59, 73, 0.0422098256017068
59, 74, 0.0426505698148024
59, 75, 0.0430568174086582
59, 76, 0.0434296336375275
59, 77, 0.0437701404927458
59, 78, 0.0440794926463865
59, 79, 0.0443588545725581
59, 80, 0.0446093790053138
59, 81, 0.0448321868637132
59, 82, 0.0450283487479197
59, 83, 0.0451988680859974
59, 84, 0.0453446659896877
59, 85, 0.0454665678591972
59, 86, 0.0455652917621139
59, 87, 0.0456414385999606
59, 88, 0.0456954840675234
59, 89, 0.0457277724046444
59, 90, 0.0457385119373736
59, 91, 0.0457277724046444
59, 92, 0.0456954840675233
59, 93, 0.0456414385999607
59, 94, 0.0455652917621138
59, 95, 0.0454665678591972
59, 96, 0.0453446659896872
59, 97, 0.0451988680859973
59, 98, 0.0450283487479192
59, 99, 0.0448321868637129
59, 100, 0.0446093790053138
59, 101, 0.044358854572558
59, 102, 0.0440794926463867
59, 103, 0.0437701404927456
59, 104, 0.0434296336375274
59, 105, 0.043056817408658
59, 106, 0.0426505698148024
59, 107, 0.0422098256017063
59, 108, 0.0417336012975911
59, 109, 0.0412210210290326
59, 110, 0.0406713428593207
59, 111, 0.0400839853731839
59, 112, 0.0394585542060328
59, 113, 0.038794868193325
59, 114, 0.038092984797252
59, 115, 0.0373532244543963
59, 116, 0.0365761934801115
59, 117, 0.0357628051636359
59, 118, 0.0349142986928568
59, 119, 0.0340322555594433
59, 120, 0.0331186131138859
59, 121, 0.0321756749657285
59, 122, 0.0312061179567327
59, 123, 0.0302129954734106
59, 124, 0.0291997369097533
59, 125, 0.0281701431403106
59, 126, 0.0271283779172037
59, 127, 0.0260789551611818
59, 128, 0.0250267221754712
59, 129, 0.0239768388707716
59, 130, 0.0229347531492399
59, 131, 0.0219061726535225
59, 132, 0.020897033142784
59, 133, 0.0199134638101538
59, 134, 0.0189617499041004
59, 135, 0.0180482930590615
59, 136, 0.0171795697773729
59, 137, 0.0163620885344852
59, 138, 0.0156023460020699
59, 139, 0.0149067828984175
59, 140, 0.0142817399822893
59, 141, 0.0137334147048573
59, 142, 0.0132678190246132
59, 143, 0.0128907388722331
59, 144, 0.0126076957266575
59, 145, 0.0124239107304832
59, 146, 0.0123442717327898
59, 147, 0.0123733036013701
59, 148, 0.0125151420949119
59, 149, 0.0127735115298792
59, 150, 0.0131517064177394
59, 151, 0.013652577186913
59, 152, 0.0142785200415289
59, 153, 0.0150314709470149
59, 154, 0.0159129036719216
59, 155, 0.0169238317573601
59, 156, 0.0180648142311745
59, 157, 0.0193359648345113
59, 158, 0.0207369644846977
59, 159, 0.0222670766611244
59, 160, 0.0239251653707438
59, 161, 0.0257097153273098
59, 162, 0.0276188539638529
59, 163, 0.0296503748911838
59, 164, 0.0318017624163183
59, 165, 0.034070216743281
59, 166, 0.0364526794943544
59, 167, 0.0389458592117635
59, 168, 0.0415462565273238
59, 169, 0.0442501887197969
59, 170, 0.0470538134156558
59, 171, 0.0499531512276189
59, 172, 0.0529441071656555
59, 173, 0.0560224906961291
59, 174, 0.0591840343653471
59, 175, 0.0624244109431001
59, 176, 0.0657392490788888
59, 177, 0.0691241474977526
59, 178, 0.0725746877932288
59, 179, 0.0760864459014872
59, 180, 0.0796550023627118
59, 181, 0.083275951493012
59, 182, 0.0869449096025339
59, 183, 0.0906575224028326
59, 184, 0.0944094717492212
59, 185, 0.0981964818618727
59, 186, 0.102014325163243
59, 187, 0.105858827859343
59, 188, 0.109725875378959
59, 189, 0.113611417768691
59, 190, 0.117511475123117
59, 191, 0.12142214310925
59, 192, 0.125339598623246
59, 193, 0.12926010559564
59, 194, 0.13318002094002
59, 195, 0.137095800619275
59, 196, 0.141004005784246
59, 197, 0.144901308921975
59, 198, 0.148784499935452
59, 199, 0.152650492063987
59, 200, 0.156496327543564
59, 201, 0.160319182899851
59, 202, 0.164116373763178
59, 203, 0.16788535909478
59, 204, 0.171623744716956
59, 205, 0.175329286046356
59, 206, 0.178999889939263
59, 207, 0.182633615570185
59, 208, 0.186228674280007
59, 209, 0.189783428347002
59, 210, 0.193296388652658
59, 211, 0.196766211234177
59, 212, 0.200191692736043
59, 213, 0.203571764793691
59, 214, 0.206905487402653
59, 215, 0.21019204134591
59, 216, 0.213430719770193
59, 217, 0.216620919018102
59, 218, 0.219762128836875
59, 219, 0.222853922095891
59, 220, 0.225895944153573
59, 221, 0.228887902019757
59, 222, 0.231829553461949
59, 223, 0.234720696203173
59, 224, 0.237561157355117
59, 225, 0.240350783223677
59, 226, 0.243089429614407
59, 227, 0.245776952753648
59, 228, 0.248413200927152
59, 229, 0.250998006922545
59, 230, 0.253531181345237
59, 231, 0.256012506859838
59, 232, 0.258441733391384
59, 233, 0.260818574302865
59, 234, 0.263142703548447
59, 235, 0.26541375378545
59, 236, 0.267631315413068
59, 237, 0.269794936492366
59, 238, 0.271904123490223
59, 239, 0.273958342780132
59, 240, 0.275957022824789
59, 241, 0.277899556959754
59, 242, 0.27978530669362
59, 243, 0.281613605438442
59, 244, 0.28338376258421
59, 245, 0.285095067833035
59, 246, 0.286746795712003
59, 247, 0.288338210188343
59, 248, 0.289868569316264
59, 249, 0.291337129851452
59, 250, 0.292743151776456
59, 251, 0.294085902687687
59, 252, 0.295364662002784
59, 253, 0.296578724954623
59, 254, 0.297727406346018
59, 255, 0.298810044046279
59, 256, 0.299826002217565
59, 257, 0.300774674265108
59, 258, 0.301655485510842
59, 259, 0.302467895594705
59, 260, 0.303211400611817
59, 261, 0.303885534996958
59, 262, 0.304489873170116
59, 263, 0.3050240309585
59, 264, 0.30548766681139
59, 265, 0.305880482824296
59, 266, 0.306202225588598
59, 267, 0.306452686881821
59, 268, 0.306631704212189
59, 269, 0.306739161229301
59, 270, 0.306774988010401
59, 271, 0.306739161229302
59, 272, 0.306631704212189
59, 273, 0.306452686881821
59, 274, 0.306202225588597
59, 275, 0.305880482824296
59, 276, 0.305487666811389
59, 277, 0.305024030958501
59, 278, 0.304489873170115
59, 279, 0.303885534996958
59, 280, 0.303211400611816
59, 281, 0.302467895594706
59, 282, 0.301655485510844
59, 283, 0.300774674265107
59, 284, 0.299826002217565
59, 285, 0.298810044046279
59, 286, 0.297727406346018
59, 287, 0.296578724954624
59, 288, 0.295364662002784
59, 289, 0.294085902687687
59, 290, 0.292743151776456
59, 291, 0.291337129851453
59, 292, 0.289868569316263
59, 293, 0.288338210188343
59, 294, 0.286746795712004
59, 295, 0.285095067833035
59, 296, 0.283383762584211
59, 297, 0.281613605438441
59, 298, 0.279785306693621
59, 299, 0.277899556959752
59, 300, 0.27595702282479
59, 301, 0.273958342780132
59, 302, 0.271904123490223
59, 303, 0.269794936492363
59, 304, 0.26763131541307
59, 305, 0.265413753785449
59, 306, 0.263142703548446
59, 307, 0.260818574302865
59, 308, 0.258441733391385
59, 309, 0.256012506859838
59, 310, 0.253531181345237
59, 311, 0.250998006922545
59, 312, 0.248413200927152
59, 313, 0.245776952753649
59, 314, 0.243089429614408
59, 315, 0.240350783223677
59, 316, 0.237561157355116
59, 317, 0.234720696203172
59, 318, 0.231829553461948
59, 319, 0.228887902019755
59, 320, 0.225895944153574
59, 321, 0.22285392209589
59, 322, 0.219762128836875
59, 323, 0.216620919018103
59, 324, 0.213430719770193
59, 325, 0.21019204134591
59, 326, 0.206905487402653
59, 327, 0.203571764793691
59, 328, 0.200191692736044
59, 329, 0.196766211234177
59, 330, 0.193296388652658
59, 331, 0.189783428347003
59, 332, 0.186228674280008
59, 333, 0.182633615570184
59, 334, 0.178999889939263
59, 335, 0.175329286046357
59, 336, 0.171623744716956
59, 337, 0.16788535909478
59, 338, 0.164116373763178
59, 339, 0.160319182899851
59, 340, 0.156496327543564
59, 341, 0.152650492063987
59, 342, 0.148784499935453
59, 343, 0.144901308921975
59, 344, 0.141004005784245
59, 345, 0.137095800619275
59, 346, 0.133180020940019
59, 347, 0.12926010559564
59, 348, 0.125339598623245
59, 349, 0.121422143109251
59, 350, 0.117511475123117
59, 351, 0.113611417768692
59, 352, 0.109725875378959
59, 353, 0.105858827859343
59, 354, 0.102014325163243
59, 355, 0.0981964818618724
59, 356, 0.0944094717492211
59, 357, 0.0906575224028333
59, 358, 0.0869449096025341
59, 359, 0.0832759514930121
59, 360, 0.0796550023627115
60, 0, 0.0773762983204293
60, 1, 0.0738832979303332
60, 2, 0.0704486847759941
60, 3, 0.0670768310825346
60, 4, 0.0637721090017792
60, 5, 0.0605388807522572
60, 6, 0.0573814875623567
60, 7, 0.0543042372954089
60, 8, 0.0513113906577847
60, 9, 0.0484071459183446
60, 10, 0.0455956220993522
60, 11, 0.0428808406347181
60, 12, 0.0402667055304874
60, 13, 0.0377569821040096
60, 14, 0.0353552744213076
60, 15, 0.0330650015957945
60, 16, 0.0308893731545783
60, 17, 0.0288313637200383
60, 18, 0.0268936872930319
60, 19, 0.0250787714588802
60, 20, 0.023388731867143
60, 21, 0.0218253473601897
60, 22, 0.0203900361427976
60, 23, 0.0190838333948684
60, 24, 0.0179073707312199
60, 25, 0.0168608579060068
60, 26, 0.0159440671445281
60, 27, 0.015156320462009
60, 28, 0.014496480297756
60, 29, 0.0139629437543324
60, 30, 0.0135536406857557
60, 31, 0.0132660358270751
60, 32, 0.013097135100994
60, 33, 0.0130434961766101
60, 34, 0.0131012432920451
60, 35, 0.0132660862879767
60, 36, 0.0135333437341666
60, 37, 0.0138979699672425
60, 38, 0.0143545857964902
60, 39, 0.0148975125764078
60, 40, 0.0155208092913131
60, 41, 0.0162183122493917
60, 42, 0.0169836769420432
60, 43, 0.0178104215899316
60, 44, 0.0186919718703973
60, 45, 0.0196217063022015
60, 46, 0.0205930017533009
60, 47, 0.0215992785355778
60, 48, 0.0226340445572111
60, 49, 0.0236909380184752
60, 50, 0.0247637681599533
60, 51, 0.0258465536029755
60, 52, 0.0269335578600228
60, 53, 0.0280193216371615
60, 54, 0.0290986916004997
60, 55, 0.0301668453333034
60, 56, 0.0312193122687065
60, 57, 0.0322519904439093
60, 58, 0.0332611589841536
60, 59, 0.0342434862874871
60, 60, 0.0351960339431385
60, 61, 0.0361162564761029
60, 62, 0.0370019970671115
60, 63, 0.0378514794495116
60, 64, 0.0386632962317527
60, 65, 0.0394363939353509
60, 66, 0.0401700550727189
60, 67, 0.0408638776166165
60, 68, 0.0415177522329048
60, 69, 0.0421318376606532
60, 70, 0.0427065346285516
60, 71, 0.0432424586943128
60, 72, 0.0437404123847543
60, 73, 0.0442013569991797
60, 74, 0.0446263844182627
60, 75, 0.0450166892357952
60, 76, 0.0453735415023216
60, 77, 0.0456982603388416
60, 78, 0.0459921886464971
60, 79, 0.0462566691053855
60, 80, 0.0464930216233931
60, 81, 0.0467025223650055
60, 82, 0.0468863844612928
60, 83, 0.0470457404761809
60, 84, 0.0471816266813568
60, 85, 0.047294969172906
60, 86, 0.0473865718473568
60, 87, 0.0474571062430665
60, 88, 0.0475071032448997
60, 89, 0.047536946645383
60, 90, 0.0475468685538103
60, 91, 0.0475369466453829
60, 92, 0.0475071032448996
60, 93, 0.0474571062430666
60, 94, 0.0473865718473568
60, 95, 0.0472949691729061
60, 96, 0.0471816266813563
60, 97, 0.047045740476181
60, 98, 0.0468863844612927
60, 99, 0.0467025223650055
60, 100, 0.0464930216233932
60, 101, 0.0462566691053855
60, 102, 0.0459921886464963
60, 103, 0.0456982603388413
60, 104, 0.0453735415023216
60, 105, 0.0450166892357952
60, 106, 0.0446263844182629
60, 107, 0.0442013569991795
60, 108, 0.0437404123847541
60, 109, 0.0432424586943128
60, 110, 0.0427065346285519
60, 111, 0.0421318376606532
60, 112, 0.041517752232905
60, 113, 0.0408638776166161
60, 114, 0.0401700550727188
60, 115, 0.0394363939353507
60, 116, 0.0386632962317526
60, 117, 0.0378514794495117
60, 118, 0.0370019970671114
60, 119, 0.0361162564761029
60, 120, 0.0351960339431383
60, 121, 0.0342434862874869
60, 122, 0.0332611589841536
60, 123, 0.0322519904439091
60, 124, 0.0312193122687065
60, 125, 0.0301668453333033
60, 126, 0.0290986916004997
60, 127, 0.0280193216371614
60, 128, 0.026933557860023
60, 129, 0.0258465536029754
60, 130, 0.0247637681599532
60, 131, 0.0236909380184753
60, 132, 0.0226340445572111
60, 133, 0.0215992785355779
60, 134, 0.0205930017533008
60, 135, 0.0196217063022015
60, 136, 0.0186919718703973
60, 137, 0.0178104215899316
60, 138, 0.0169836769420432
60, 139, 0.0162183122493918
60, 140, 0.015520809291313
60, 141, 0.0148975125764079
60, 142, 0.0143545857964901
60, 143, 0.0138979699672424
60, 144, 0.0135333437341668
60, 145, 0.0132660862879766
60, 146, 0.0131012432920448
60, 147, 0.0130434961766103
60, 148, 0.013097135100994
60, 149, 0.0132660358270751
60, 150, 0.0135536406857555
60, 151, 0.0139629437543325
60, 152, 0.0144964802977559
60, 153, 0.0151563204620088
60, 154, 0.0159440671445281
60, 155, 0.0168608579060068
60, 156, 0.0179073707312198
60, 157, 0.0190838333948687
60, 158, 0.0203900361427975
60, 159, 0.0218253473601896
60, 160, 0.0233887318671428
60, 161, 0.0250787714588797
60, 162, 0.0268936872930319
60, 163, 0.0288313637200381
60, 164, 0.0308893731545782
60, 165, 0.0330650015957941
60, 166, 0.0353552744213076
60, 167, 0.0377569821040096
60, 168, 0.0402667055304874
60, 169, 0.0428808406347181
60, 170, 0.0455956220993521
60, 171, 0.0484071459183446
60, 172, 0.0513113906577847
60, 173, 0.0543042372954091
60, 174, 0.0573814875623567
60, 175, 0.0605388807522571
60, 176, 0.0637721090017791
60, 177, 0.0670768310825346
60, 178, 0.0704486847759945
60, 179, 0.0738832979303333
60, 180, 0.0773762983204293
60, 181, 0.0809233224493245
60, 182, 0.0845200234412729
60, 183, 0.0881620781829164
60, 184, 0.0918451938704758
60, 185, 0.0955651141171893
60, 186, 0.0993176247670982
60, 187, 0.103098559549052
60, 188, 0.106903805688985
60, 189, 0.110729309579803
60, 190, 0.114571082587125
60, 191, 0.118425207046397
60, 192, 0.122287842483188
60, 193, 0.126155232064462
60, 194, 0.130023709264906
60, 195, 0.133889704709758
60, 196, 0.137749753134388
60, 197, 0.141600500381874
60, 198, 0.145438710343374
60, 199, 0.14926127173256
60, 200, 0.153065204575248
60, 201, 0.156847666288695
60, 202, 0.160605957222078
60, 203, 0.164337525530546
60, 204, 0.168039971259718
60, 205, 0.171711049525753
60, 206, 0.175348672687625
60, 207, 0.178950911423004
60, 208, 0.182515994636527
60, 209, 0.186042308149022
60, 210, 0.18952839213783
60, 211, 0.192972937321161
60, 212, 0.196374779902937
60, 213, 0.199732895318223
60, 214, 0.203046390842396
60, 215, 0.206314497149242
60, 216, 0.209536558923507
60, 217, 0.212712024651652
60, 218, 0.215840435730141
60, 219, 0.218921415043186
60, 220, 0.221954655171224
60, 221, 0.224939906397209
60, 222, 0.227876964680074
60, 223, 0.230765659763337
60, 224, 0.233605843581976
60, 225, 0.236397379122489
60, 226, 0.239140129879859
60, 227, 0.241833950041068
60, 228, 0.244478675508707
60, 229, 0.247074115860003
60, 230, 0.249620047317233
60, 231, 0.252116206785231
60, 232, 0.254562286991108
60, 233, 0.256957932741013
60, 234, 0.259302738289008
60, 235, 0.26159624579463
60, 236, 0.26383794482858
60, 237, 0.266027272870755
60, 238, 0.268163616731613
60, 239, 0.270246314816885
60, 240, 0.272274660147124
60, 241, 0.27424790403728
60, 242, 0.276165260337731
60, 243, 0.278025910136611
60, 244, 0.27982900682386
60, 245, 0.28157368141996
60, 246, 0.283259048076589
60, 247, 0.284884209662161
60, 248, 0.286448263352151
60, 249, 0.287950306152048
60, 250, 0.289389440289267
60, 251, 0.290764778419388
60, 252, 0.292075448601148
60, 253, 0.293320599003679
60, 254, 0.294499402318251
60, 255, 0.295611059855104
60, 256, 0.296654805313607
60, 257, 0.297629908221071
60, 258, 0.29853567704164
60, 259, 0.299371461962048
60, 260, 0.300136657365443
60, 261, 0.300830704007965
60, 262, 0.301453090915371
60, 263, 0.302003357018702
60, 264, 0.302481092548904
60, 265, 0.302885940210364
60, 266, 0.303217596152764
60, 267, 0.30347581075934
60, 268, 0.303660389267891
60, 269, 0.303771192238509
60, 270, 0.30380813587931
60, 271, 0.303771192238509
60, 272, 0.303660389267891
60, 273, 0.303475810759339
60, 274, 0.303217596152761
60, 275, 0.302885940210365
60, 276, 0.302481092548903
60, 277, 0.302003357018703
60, 278, 0.30145309091537
60, 279, 0.300830704007965
60, 280, 0.300136657365441
60, 281, 0.299371461962048
60, 282, 0.29853567704164
60, 283, 0.297629908221072
60, 284, 0.296654805313605
60, 285, 0.295611059855103
60, 286, 0.294499402318251
60, 287, 0.293320599003677
60, 288, 0.292075448601147
60, 289, 0.290764778419387
60, 290, 0.289389440289267
60, 291, 0.287950306152048
60, 292, 0.286448263352151
60, 293, 0.28488420966216
60, 294, 0.28325904807659
60, 295, 0.28157368141996
60, 296, 0.27982900682386
60, 297, 0.278025910136611
60, 298, 0.276165260337731
60, 299, 0.27424790403728
60, 300, 0.272274660147125
60, 301, 0.270246314816886
60, 302, 0.268163616731614
60, 303, 0.266027272870756
60, 304, 0.263837944828579
60, 305, 0.26159624579463
60, 306, 0.259302738289008
60, 307, 0.256957932741013
60, 308, 0.254562286991108
60, 309, 0.252116206785231
60, 310, 0.249620047317233
60, 311, 0.247074115860002
60, 312, 0.244478675508708
60, 313, 0.241833950041068
60, 314, 0.23914012987986
60, 315, 0.236397379122489
60, 316, 0.233605843581975
60, 317, 0.230765659763338
60, 318, 0.227876964680074
60, 319, 0.224939906397208
60, 320, 0.221954655171222
60, 321, 0.218921415043188
60, 322, 0.215840435730141
60, 323, 0.212712024651652
60, 324, 0.209536558923506
60, 325, 0.206314497149242
60, 326, 0.203046390842397
60, 327, 0.199732895318223
60, 328, 0.196374779902937
60, 329, 0.192972937321161
60, 330, 0.18952839213783
60, 331, 0.186042308149021
60, 332, 0.182515994636527
60, 333, 0.178950911423006
60, 334, 0.175348672687625
60, 335, 0.171711049525753
60, 336, 0.168039971259718
60, 337, 0.164337525530546
60, 338, 0.160605957222079
60, 339, 0.156847666288694
60, 340, 0.153065204575248
60, 341, 0.14926127173256
60, 342, 0.145438710343374
60, 343, 0.141600500381874
60, 344, 0.137749753134387
60, 345, 0.133889704709758
60, 346, 0.130023709264906
60, 347, 0.126155232064462
60, 348, 0.122287842483189
60, 349, 0.118425207046397
60, 350, 0.114571082587126
60, 351, 0.110729309579804
60, 352, 0.106903805688984
60, 353, 0.103098559549052
60, 354, 0.0993176247670984
60, 355, 0.095565114117189
60, 356, 0.0918451938704758
60, 357, 0.0881620781829167
60, 358, 0.0845200234412729
60, 359, 0.0809233224493251
60, 360, 0.0773762983204293
61, 0, 0.0750858600630539
61, 1, 0.0716722685939032
61, 2, 0.0683185637670431
61, 3, 0.0650290657986673
61, 4, 0.0618080895725352
61, 5, 0.0586599351994591
61, 6, 0.0555888774058847
61, 7, 0.05259915361483
61, 8, 0.0496949506049156
61, 9, 0.0468803896611036
61, 10, 0.0441595101636338
61, 11, 0.0415362515988478
61, 12, 0.0390144340165242
61, 13, 0.036597737002021
61, 14, 0.0342896772770692
61, 15, 0.0320935850892893
61, 16, 0.0300125795963588
61, 17, 0.0280495434949433
61, 18, 0.0262070971858943
61, 19, 0.0244875728045452
61, 20, 0.0228929884771314
61, 21, 0.0214250231903471
61, 22, 0.020084992679949
61, 23, 0.0188738267553624
61, 24, 0.0177920484798883
61, 25, 0.0168397556199828
61, 26, 0.0160166047620701
61, 27, 0.0153217984715293
61, 28, 0.014754075836189
61, 29, 0.0143117066964205
61, 30, 0.0139924898164618
61, 31, 0.0137937551978619
61, 32, 0.0137123706769753
61, 33, 0.0137447528854367
61, 34, 0.0138868825868075
61, 35, 0.0141343243354008
61, 36, 0.0144822503360167
61, 37, 0.0149254683172669
61, 38, 0.0154584531675959
61, 39, 0.0160753820232132
61, 40, 0.0167701724420219
61, 41, 0.0175365232482377
61, 42, 0.018367957589576
61, 43, 0.019257867713378
61, 44, 0.0201995609403706
61, 45, 0.0211863062953833
61, 46, 0.0222113812435255
61, 47, 0.023268117978208
61, 48, 0.0243499487139914
61, 49, 0.0254504494523971
61, 50, 0.0265633817122894
61, 51, 0.0276827317477862
61, 52, 0.0288027468154076
61, 53, 0.0299179680975838
61, 54, 0.0310232599410307
61, 55, 0.032113835124877
61, 56, 0.0331852759338475
61, 57, 0.0342335508751513
61, 58, 0.0352550269428084
61, 59, 0.0362464773988036
61, 60, 0.0372050851053426
61, 61, 0.038128441505472
61, 62, 0.0390145414090746
61, 63, 0.0398617737967312
61, 64, 0.0406689089040314
61, 65, 0.0414350818927357
61, 66, 0.0421597734519852
61, 67, 0.0428427877019692
61, 68, 0.0434842277936819
61, 69, 0.0440844696115612
61, 70, 0.0446441339908669
61, 71, 0.045164057858999
61, 72, 0.0456452647000087
61, 73, 0.0460889347249759
61, 74, 0.0464963751085843
61, 75, 0.0468689906250547
61, 76, 0.0472082549855939
61, 77, 0.0475156831459059
61, 78, 0.0477928048170868
61, 79, 0.0480411393775799
61, 80, 0.0482621723488122
61, 81, 0.0484573335636849
61, 82, 0.0486279771259689
61, 83, 0.0487753632307465
61, 84, 0.04890064189176
61, 85, 0.0490048386012239
61, 86, 0.0490888419317414
61, 87, 0.0491533930780738
61, 88, 0.0491990773289535
61, 89, 0.0492263174551126
61, 90, 0.0492353689991814
61, 91, 0.0492263174551124
61, 92, 0.0491990773289534
61, 93, 0.0491533930780741
61, 94, 0.0490888419317414
61, 95, 0.0490048386012239
61, 96, 0.0489006418917593
61, 97, 0.0487753632307476
61, 98, 0.0486279771259688
61, 99, 0.0484573335636849
61, 100, 0.0482621723488122
61, 101, 0.0480411393775799
61, 102, 0.0477928048170878
61, 103, 0.0475156831459062
61, 104, 0.0472082549855937
61, 105, 0.0468689906250544
61, 106, 0.0464963751085845
61, 107, 0.0460889347249759
61, 108, 0.0456452647000088
61, 109, 0.045164057858999
61, 110, 0.0446441339908666
61, 111, 0.044084469611561
61, 112, 0.043484227793682
61, 113, 0.0428427877019694
61, 114, 0.0421597734519855
61, 115, 0.0414350818927357
61, 116, 0.0406689089040314
61, 117, 0.0398617737967309
61, 118, 0.0390145414090745
61, 119, 0.038128441505472
61, 120, 0.0372050851053423
61, 121, 0.0362464773988035
61, 122, 0.0352550269428086
61, 123, 0.0342335508751511
61, 124, 0.0331852759338476
61, 125, 0.0321138351248769
61, 126, 0.0310232599410308
61, 127, 0.0299179680975839
61, 128, 0.0288027468154076
61, 129, 0.0276827317477862
61, 130, 0.0265633817122894
61, 131, 0.0254504494523973
61, 132, 0.0243499487139915
61, 133, 0.0232681179782079
61, 134, 0.0222113812435255
61, 135, 0.0211863062953834
61, 136, 0.0201995609403706
61, 137, 0.0192578677133782
61, 138, 0.0183679575895759
61, 139, 0.0175365232482376
61, 140, 0.016770172442022
61, 141, 0.0160753820232131
61, 142, 0.0154584531675959
61, 143, 0.0149254683172669
61, 144, 0.0144822503360167
61, 145, 0.0141343243354008
61, 146, 0.0138868825868077
61, 147, 0.0137447528854367
61, 148, 0.0137123706769753
61, 149, 0.0137937551978618
61, 150, 0.0139924898164616
61, 151, 0.0143117066964204
61, 152, 0.0147540758361891
61, 153, 0.0153217984715293
61, 154, 0.0160166047620702
61, 155, 0.0168397556199828
61, 156, 0.0177920484798884
61, 157, 0.0188738267553621
61, 158, 0.0200849926799489
61, 159, 0.0214250231903469
61, 160, 0.0228929884771315
61, 161, 0.0244875728045452
61, 162, 0.0262070971858942
61, 163, 0.0280495434949432
61, 164, 0.0300125795963588
61, 165, 0.0320935850892893
61, 166, 0.034289677277069
61, 167, 0.036597737002021
61, 168, 0.0390144340165243
61, 169, 0.0415362515988478
61, 170, 0.0441595101636337
61, 171, 0.0468803896611036
61, 172, 0.0496949506049157
61, 173, 0.0525991536148304
61, 174, 0.0555888774058847
61, 175, 0.0586599351994589
61, 176, 0.0618080895725354
61, 177, 0.0650290657986673
61, 178, 0.0683185637670436
61, 179, 0.0716722685939035
61, 180, 0.0750858600630537
61, 181, 0.0785550210490942
61, 182, 0.0820754450880292
61, 183, 0.0856428432653261
61, 184, 0.0892529505912835
61, 185, 0.0929015320281611
61, 186, 0.0965843883232614
61, 187, 0.100297361787606
61, 188, 0.104036342141533
61, 189, 0.10779727252719
61, 190, 0.111576155764151
61, 191, 0.11536906089897
61, 192, 0.119172130073191
61, 193, 0.122981585707806
61, 194, 0.1267937379762
61, 195, 0.130604992512821
61, 196, 0.134411858281917
61, 197, 0.138210955510122
61, 198, 0.141999023569144
61, 199, 0.145772928680515
61, 200, 0.149529671303886
61, 201, 0.153266393063775
61, 202, 0.156980383067264
61, 203, 0.160669083466872
61, 204, 0.164330094128763
61, 205, 0.16796117627639
61, 206, 0.171560254993322
61, 207, 0.17512542048621
61, 208, 0.178654928028968
61, 209, 0.18214719653199
61, 210, 0.185600805704894
61, 211, 0.189014491807309
61, 212, 0.192387142009017
61, 213, 0.195717787407504
61, 214, 0.199005594777142
61, 215, 0.202249857149105
61, 216, 0.205449983343985
61, 217, 0.208605486599548
61, 218, 0.211715972453453
61, 219, 0.214781126054734
61, 220, 0.217800699088066
61, 221, 0.220774496500985
61, 222, 0.223702363226439
61, 223, 0.226584171090896
61, 224, 0.229419806092356
61, 225, 0.232209156222721
61, 226, 0.234952099995732
61, 227, 0.237648495825418
61, 228, 0.240298172381002
61, 229, 0.24290092002335
61, 230, 0.245456483405564
61, 231, 0.247964555297073
61, 232, 0.250424771666998
61, 233, 0.25283670803928
61, 234, 0.255199877109678
61, 235, 0.257513727593655
61, 236, 0.259777644254852
61, 237, 0.261990949046742
61, 238, 0.264152903285271
61, 239, 0.266262710758196
61, 240, 0.268319521667461
61, 241, 0.270322437294292
61, 242, 0.272270515272875
61, 243, 0.274162775357114
61, 244, 0.27599820556624
61, 245, 0.277775768598289
61, 246, 0.279494408405897
61, 247, 0.281153056835805
61, 248, 0.282750640241721
61, 249, 0.284286085989647
61, 250, 0.28575832878472
61, 251, 0.287166316759131
61, 252, 0.288509017271261
61, 253, 0.289785422376567
61, 254, 0.290994553940886
61, 255, 0.292135468376256
61, 256, 0.293207260988191
61, 257, 0.294209069931222
61, 258, 0.295140079776477
61, 259, 0.295999524701066
61, 260, 0.296786691313859
61, 261, 0.297500921136144
61, 262, 0.298141612758439
61, 263, 0.298708223696478
61, 264, 0.299200271970298
61, 265, 0.299617337430267
61, 266, 0.299959062853033
61, 267, 0.300225154828847
61, 268, 0.300415384459417
61, 269, 0.300529587882799
61, 270, 0.300567666638538
61, 271, 0.3005295878828
61, 272, 0.300415384459418
61, 273, 0.300225154828846
61, 274, 0.299959062853034
61, 275, 0.299617337430266
61, 276, 0.299200271970299
61, 277, 0.298708223696478
61, 278, 0.298141612758438
61, 279, 0.297500921136145
61, 280, 0.296786691313858
61, 281, 0.295999524701066
61, 282, 0.295140079776478
61, 283, 0.294209069931223
61, 284, 0.29320726098819
61, 285, 0.292135468376257
61, 286, 0.290994553940886
61, 287, 0.289785422376568
61, 288, 0.288509017271261
61, 289, 0.287166316759131
61, 290, 0.285758328784719
61, 291, 0.284286085989647
61, 292, 0.28275064024172
61, 293, 0.281153056835803
61, 294, 0.279494408405897
61, 295, 0.277775768598288
61, 296, 0.27599820556624
61, 297, 0.274162775357115
61, 298, 0.272270515272874
61, 299, 0.270322437294293
61, 300, 0.268319521667461
61, 301, 0.266262710758197
61, 302, 0.264152903285269
61, 303, 0.261990949046743
61, 304, 0.259777644254852
61, 305, 0.257513727593655
61, 306, 0.255199877109679
61, 307, 0.252836708039279
61, 308, 0.250424771667
61, 309, 0.247964555297075
61, 310, 0.245456483405564
61, 311, 0.242900920023351
61, 312, 0.240298172381002
61, 313, 0.237648495825418
61, 314, 0.234952099995732
61, 315, 0.232209156222722
61, 316, 0.229419806092357
61, 317, 0.226584171090896
61, 318, 0.223702363226439
61, 319, 0.220774496500986
61, 320, 0.217800699088065
61, 321, 0.214781126054735
61, 322, 0.211715972453453
61, 323, 0.208605486599548
61, 324, 0.205449983343986
61, 325, 0.202249857149106
61, 326, 0.199005594777142
61, 327, 0.195717787407504
61, 328, 0.192387142009019
61, 329, 0.18901449180731
61, 330, 0.185600805704893
61, 331, 0.18214719653199
61, 332, 0.178654928028968
61, 333, 0.17512542048621
61, 334, 0.171560254993322
61, 335, 0.16796117627639
61, 336, 0.164330094128764
61, 337, 0.160669083466872
61, 338, 0.156980383067266
61, 339, 0.153266393063776
61, 340, 0.149529671303886
61, 341, 0.145772928680516
61, 342, 0.141999023569145
61, 343, 0.138210955510122
61, 344, 0.134411858281917
61, 345, 0.130604992512822
61, 346, 0.126793737976199
61, 347, 0.122981585707806
61, 348, 0.11917213007319
61, 349, 0.11536906089897
61, 350, 0.111576155764151
61, 351, 0.107797272527191
61, 352, 0.104036342141533
61, 353, 0.100297361787606
61, 354, 0.0965843883232618
61, 355, 0.0929015320281613
61, 356, 0.0892529505912838
61, 357, 0.0856428432653261
61, 358, 0.0820754450880292
61, 359, 0.0785550210490947
61, 360, 0.0750858600630538
62, 0, 0.0727860683828011
62, 1, 0.0694555439336616
62, 2, 0.0661862961798923
62, 3, 0.0629825890259307
62, 4, 0.0598486752216486
62, 5, 0.0567887873541097
62, 6, 0.0538071277047237
62, 7, 0.0509078568192745
62, 8, 0.0480950806608786
62, 9, 0.0453728362443388
62, 10, 0.0427450756841952
62, 11, 0.0402156486273879
62, 12, 0.0377882830841517
62, 13, 0.0354665647165542
62, 14, 0.0332539146919987
62, 15, 0.0311535662578359
62, 16, 0.0291685402417488
62, 17, 0.0273016197294905
62, 18, 0.0255553242155856
62, 19, 0.02393188356243
62, 20, 0.0224332121376928
62, 21, 0.0210608835278519
62, 22, 0.0198161062461841
62, 23, 0.0186997008657225
62, 24, 0.0177120790110423
62, 25, 0.0168532246368339
62, 26, 0.0161226780059754
62, 27, 0.0155195227552991
62, 28, 0.015042376403857
62, 29, 0.0146893846167879
62, 30, 0.0144582194886959
62, 31, 0.0143460820547466
62, 32, 0.0143497091766239
62, 33, 0.0144653848853406
62, 34, 0.0146889561949716
62, 35, 0.0150158533321197
62, 36, 0.0154411142566556
62, 37, 0.0159594132814027
62, 38, 0.0165650935332142
62, 39, 0.0172522029365433
62, 40, 0.0180145333441927
62, 41, 0.0188456623894427
62, 42, 0.0197389975899871
62, 43, 0.0206878221977716
62, 44, 0.0216853422604482
62, 45, 0.0227247343401579
62, 46, 0.0237991933239944
62, 47, 0.0249019797579258
62, 48, 0.0260264661421804
62, 49, 0.0271661816410158
62, 50, 0.0283148546831483
62, 51, 0.0294664529605941
62, 52, 0.0306152203727059
62, 53, 0.0317557105082626
62, 54, 0.0328828163107373
62, 55, 0.0339917956295596
62, 56, 0.035078292422235
62, 57, 0.036138353437557
62, 58, 0.037168440277609
62, 59, 0.0381654368045791
62, 60, 0.0391266519262642
62, 61, 0.0400498178602227
62, 62, 0.0409330840395286
62, 63, 0.0417750068817391
62, 64, 0.0425745356958694
62, 65, 0.0433309950488421
62, 66, 0.0440440639521813
62, 67, 0.0447137522610226
62, 68, 0.0453403747003312
62, 69, 0.0459245229473571
62, 70, 0.046467036204884
62, 71, 0.0469689706969244
62, 72, 0.0474315685077808
62, 73, 0.0478562261674385
62, 74, 0.0482444633620421
62, 75, 0.0485978921186931
62, 76, 0.0489181867802173
62, 77, 0.0492070550490089
62, 78, 0.0494662103408725
62, 79, 0.049697345651144
62, 80, 0.0499021090974218
62, 81, 0.0500820812670754
62, 82, 0.0502387544642816
62, 83, 0.0503735139213367
62, 84, 0.0504876210131991
62, 85, 0.0505821984928406
62, 86, 0.0506582177484169
62, 87, 0.0507164880713961
62, 88, 0.0507576479175045
62, 89, 0.0507821581392758
62, 90, 0.050790297169598
62, 91, 0.0507821581392759
62, 92, 0.0507576479175042
62, 93, 0.0507164880713961
62, 94, 0.0506582177484164
62, 95, 0.0505821984928403
62, 96, 0.0504876210131984
62, 97, 0.0503735139213369
62, 98, 0.0502387544642818
62, 99, 0.0500820812670757
62, 100, 0.0499021090974218
62, 101, 0.0496973456511443
62, 102, 0.0494662103408721
62, 103, 0.0492070550490089
62, 104, 0.0489181867802174
62, 105, 0.048597892118693
62, 106, 0.0482444633620419
62, 107, 0.0478562261674387
62, 108, 0.0474315685077808
62, 109, 0.0469689706969244
62, 110, 0.0464670362048837
62, 111, 0.045924522947357
62, 112, 0.0453403747003309
62, 113, 0.0447137522610227
62, 114, 0.0440440639521812
62, 115, 0.043330995048842
62, 116, 0.0425745356958691
62, 117, 0.041775006881739
62, 118, 0.0409330840395288
62, 119, 0.0400498178602227
62, 120, 0.039126651926264
62, 121, 0.0381654368045789
62, 122, 0.0371684402776089
62, 123, 0.036138353437557
62, 124, 0.0350782924222349
62, 125, 0.0339917956295596
62, 126, 0.0328828163107371
62, 127, 0.0317557105082625
62, 128, 0.030615220372706
62, 129, 0.0294664529605942
62, 130, 0.0283148546831484
62, 131, 0.0271661816410157
62, 132, 0.0260264661421804
62, 133, 0.0249019797579256
62, 134, 0.0237991933239942
62, 135, 0.022724734340158
62, 136, 0.0216853422604482
62, 137, 0.0206878221977716
62, 138, 0.0197389975899872
62, 139, 0.0188456623894427
62, 140, 0.0180145333441928
62, 141, 0.0172522029365433
62, 142, 0.0165650935332143
62, 143, 0.0159594132814027
62, 144, 0.0154411142566557
62, 145, 0.0150158533321196
62, 146, 0.0146889561949716
62, 147, 0.0144653848853405
62, 148, 0.014349709176624
62, 149, 0.0143460820547465
62, 150, 0.014458219488696
62, 151, 0.0146893846167878
62, 152, 0.015042376403857
62, 153, 0.0155195227552991
62, 154, 0.0161226780059753
62, 155, 0.0168532246368339
62, 156, 0.017712079011042
62, 157, 0.0186997008657224
62, 158, 0.019816106246184
62, 159, 0.0210608835278518
62, 160, 0.0224332121376929
62, 161, 0.0239318835624299
62, 162, 0.0255553242155855
62, 163, 0.0273016197294904
62, 164, 0.0291685402417487
62, 165, 0.0311535662578358
62, 166, 0.0332539146919984
62, 167, 0.0354665647165541
62, 168, 0.0377882830841515
62, 169, 0.0402156486273878
62, 170, 0.0427450756841952
62, 171, 0.0453728362443387
62, 172, 0.0480950806608785
62, 173, 0.0509078568192744
62, 174, 0.0538071277047239
62, 175, 0.0567887873541096
62, 176, 0.0598486752216484
62, 177, 0.0629825890259309
62, 178, 0.0661862961798922
62, 179, 0.0694555439336612
62, 180, 0.0727860683828009
62, 181, 0.0761736025109434
62, 182, 0.079613883446073
62, 183, 0.0831026591138682
62, 184, 0.0866356944697093
62, 185, 0.0902087774836146
62, 186, 0.0938177250398796
62, 187, 0.0974583888961896
62, 188, 0.101126661826043
62, 189, 0.104818484044232
62, 190, 0.108529849988615
62, 191, 0.112256815503214
62, 192, 0.115995505438704
62, 193, 0.119742121657284
62, 194, 0.123492951400569
62, 195, 0.127244375952265
62, 196, 0.130992879502604
62, 197, 0.134735058099538
62, 198, 0.138467628552899
62, 199, 0.142187437142869
62, 200, 0.145891467973205
62, 201, 0.14957685080327
62, 202, 0.153240868191109
62, 203, 0.156880961782556
62, 204, 0.1604947375888
62, 205, 0.164079970106636
62, 206, 0.167634605151645
62, 207, 0.171156761294272
62, 208, 0.174644729812008
62, 209, 0.178096973096651
62, 210, 0.181512121483758
62, 211, 0.184888968500897
62, 212, 0.188226464561531
62, 213, 0.191523709161603
62, 214, 0.19477994166538
62, 215, 0.197994530794948
62, 216, 0.201166962963542
62, 217, 0.204296829615633
62, 218, 0.207383813756119
62, 219, 0.210427675866341
62, 220, 0.213428239415843
62, 221, 0.216385376185326
62, 222, 0.219298991618191
62, 223, 0.222169010415274
62, 224, 0.224995362580095
62, 225, 0.227777970110318
62, 226, 0.230516734515668
62, 227, 0.233211525323556
62, 228, 0.235862169711854
62, 229, 0.238468443384165
62, 230, 0.241030062777184
62, 231, 0.243546678663147
62, 232, 0.246017871183473
62, 233, 0.248443146323215
62, 234, 0.250821933810608
62, 235, 0.253153586402106
62, 236, 0.25543738049167
62, 237, 0.257672517963809
62, 238, 0.259858129193565
62, 239, 0.261993277083198
62, 240, 0.264076962015221
62, 241, 0.26610812759435
62, 242, 0.268085667047095
62, 243, 0.270008430146762
62, 244, 0.271875230533519
62, 245, 0.273684853303492
62, 246, 0.275436062747419
62, 247, 0.277127610127744
62, 248, 0.278758241392879
62, 249, 0.280326704738325
62, 250, 0.281831757936069
62, 251, 0.283272175365732
62, 252, 0.284646754693149
62, 253, 0.285954323154078
62, 254, 0.287193743412097
62, 255, 0.288363918970672
62, 256, 0.289463799129223
62, 257, 0.290492383481951
62, 258, 0.291448725965945
62, 259, 0.292331938471747
62, 260, 0.293141194034907
62, 261, 0.293875729631237
62, 262, 0.294534848601532
62, 263, 0.295117922733293
62, 264, 0.295624394027812
62, 265, 0.296053776180761
62, 266, 0.296405655803267
62, 267, 0.29667969340851
62, 268, 0.296875624186276
62, 269, 0.296993258584585
62, 270, 0.297032482713816
62, 271, 0.296993258584585
62, 272, 0.296875624186275
62, 273, 0.296679693408509
62, 274, 0.296405655803268
62, 275, 0.296053776180762
62, 276, 0.295624394027812
62, 277, 0.295117922733293
62, 278, 0.294534848601533
62, 279, 0.293875729631238
62, 280, 0.293141194034906
62, 281, 0.292331938471748
62, 282, 0.291448725965945
62, 283, 0.29049238348195
62, 284, 0.289463799129225
62, 285, 0.288363918970673
62, 286, 0.287193743412098
62, 287, 0.285954323154077
62, 288, 0.284646754693149
62, 289, 0.283272175365731
62, 290, 0.281831757936071
62, 291, 0.280326704738325
62, 292, 0.278758241392879
62, 293, 0.277127610127745
62, 294, 0.275436062747418
62, 295, 0.273684853303491
62, 296, 0.27187523053352
62, 297, 0.270008430146762
62, 298, 0.268085667047096
62, 299, 0.266108127594349
62, 300, 0.26407696201522
62, 301, 0.261993277083197
62, 302, 0.259858129193564
62, 303, 0.25767251796381
62, 304, 0.255437380491669
62, 305, 0.253153586402106
62, 306, 0.250821933810607
62, 307, 0.248443146323216
62, 308, 0.246017871183473
62, 309, 0.243546678663148
62, 310, 0.241030062777183
62, 311, 0.238468443384165
62, 312, 0.235862169711855
62, 313, 0.233211525323555
62, 314, 0.230516734515669
62, 315, 0.227777970110318
62, 316, 0.224995362580095
62, 317, 0.222169010415274
62, 318, 0.219298991618191
62, 319, 0.216385376185326
62, 320, 0.213428239415844
62, 321, 0.210427675866341
62, 322, 0.207383813756119
62, 323, 0.204296829615633
62, 324, 0.201166962963543
62, 325, 0.197994530794949
62, 326, 0.194779941665381
62, 327, 0.191523709161603
62, 328, 0.18822646456153
62, 329, 0.184888968500897
62, 330, 0.181512121483758
62, 331, 0.178096973096651
62, 332, 0.174644729812009
62, 333, 0.171156761294271
62, 334, 0.167634605151644
62, 335, 0.164079970106637
62, 336, 0.160494737588799
62, 337, 0.156880961782556
62, 338, 0.15324086819111
62, 339, 0.14957685080327
62, 340, 0.145891467973204
62, 341, 0.142187437142869
62, 342, 0.138467628552899
62, 343, 0.134735058099538
62, 344, 0.130992879502604
62, 345, 0.127244375952264
62, 346, 0.123492951400569
62, 347, 0.119742121657284
62, 348, 0.115995505438704
62, 349, 0.112256815503214
62, 350, 0.108529849988615
62, 351, 0.104818484044232
62, 352, 0.101126661826042
62, 353, 0.0974583888961895
62, 354, 0.0938177250398794
62, 355, 0.0902087774836146
62, 356, 0.0866356944697091
62, 357, 0.083102659113869
62, 358, 0.0796138834460731
62, 359, 0.076173602510943
62, 360, 0.072786068382801
63, 0, 0.0704786662105712
63, 1, 0.0672346878539491
63, 2, 0.0640532458263064
63, 3, 0.0609385438324039
63, 4, 0.0578947680665774
63, 5, 0.054926078644137
63, 6, 0.0520365999449548
63, 7, 0.0492304097008692
63, 8, 0.0465115266810908
63, 9, 0.0438838968586279
63, 10, 0.0413513779754583
63, 11, 0.038917722464103
63, 12, 0.0365865587276272
63, 13, 0.0343613708279325
63, 14, 0.0322454766823926
63, 15, 0.0302420049202068
63, 16, 0.0283538706009685
63, 17, 0.0265837500474915
63, 18, 0.0249340550915293
63, 19, 0.0234069070732653
63, 20, 0.0220041109720763
63, 21, 0.0207271300758736
63, 22, 0.0195770616182877
63, 23, 0.0185546138262127
63, 24, 0.0176600848241919
63, 25, 0.0168933438363671
63, 26, 0.0162538151111655
63, 27, 0.0157404649686637
63, 28, 0.015351792336081
63, 29, 0.0150858230937512
63, 30, 0.0149401085030706
63, 31, 0.0149117279304354
63, 32, 0.0149972960182073
63, 33, 0.0151929743867195
63, 34, 0.0154944878815988
63, 35, 0.0158971453096953
63, 36, 0.0163958645361428
63, 37, 0.0169852017458325
63, 38, 0.0176593846062366
63, 39, 0.0184123490062069
63, 40, 0.0192377789881873
63, 41, 0.020129149440131
63, 42, 0.021079771069095
63, 43, 0.0220828371416414
63, 44, 0.0231314714473035
63, 45, 0.0242187769208656
63, 46, 0.0253378843473004
63, 47, 0.026482000570057
63, 48, 0.0276444556290106
63, 49, 0.0288187482687094
63, 50, 0.0299985892803789
63, 51, 0.0311779421721699
63, 52, 0.0323510607009632
63, 53, 0.0335125228450857
63, 54, 0.0346572608499113
63, 55, 0.0357805870366938
63, 56, 0.0368782151281393
63, 57, 0.0379462769111401
63, 58, 0.0389813341265418
63, 59, 0.0399803855465173
63, 60, 0.0409408692707309
63, 61, 0.0418606603415781
63, 62, 0.0427380638449954
63, 63, 0.0435718037252933
63, 64, 0.0443610075988775
63, 65, 0.0451051879014788
63, 66, 0.0458042197456259
63, 67, 0.0464583158987413
63, 68, 0.0470679993169762
63, 69, 0.0476340736853632
63, 70, 0.0481575924210454
63, 71, 0.0486398265935307
63, 72, 0.0490822322045361
63, 73, 0.049486417250881
63, 74, 0.0498541089678273
63, 75, 0.0501871216185828
63, 76, 0.0504873251594167
63, 77, 0.0507566150704051
63, 78, 0.0509968836006147
63, 79, 0.0512099926347752
63, 80, 0.0513977483475952
63, 81, 0.0515618777729012
63, 82, 0.0517040073788675
63, 83, 0.051825643708558
63, 84, 0.0519281561174763
63, 85, 0.052012761617401
63, 86, 0.0520805118184964
63, 87, 0.0521322819497744
63, 88, 0.0521687619311011
63, 89, 0.0521904494677227
63, 90, 0.0521976451401774
63, 91, 0.0521904494677225
63, 92, 0.0521687619311015
63, 93, 0.0521322819497743
63, 94, 0.0520805118184964
63, 95, 0.0520127616174009
63, 96, 0.0519281561174758
63, 97, 0.0518256437085574
63, 98, 0.0517040073788682
63, 99, 0.0515618777729011
63, 100, 0.0513977483475954
63, 101, 0.0512099926347754
63, 102, 0.0509968836006146
63, 103, 0.0507566150704051
63, 104, 0.0504873251594168
63, 105, 0.0501871216185827
63, 106, 0.0498541089678273
63, 107, 0.0494864172508816
63, 108, 0.0490822322045365
63, 109, 0.0486398265935304
63, 110, 0.0481575924210456
63, 111, 0.0476340736853632
63, 112, 0.0470679993169762
63, 113, 0.0464583158987408
63, 114, 0.0458042197456262
63, 115, 0.0451051879014785
63, 116, 0.0443610075988776
63, 117, 0.043571803725294
63, 118, 0.0427380638449956
63, 119, 0.0418606603415781
63, 120, 0.0409408692707312
63, 121, 0.0399803855465171
63, 122, 0.0389813341265417
63, 123, 0.0379462769111401
63, 124, 0.0368782151281392
63, 125, 0.0357805870366938
63, 126, 0.0346572608499112
63, 127, 0.0335125228450856
63, 128, 0.0323510607009632
63, 129, 0.03117794217217
63, 130, 0.0299985892803789
63, 131, 0.0288187482687096
63, 132, 0.0276444556290104
63, 133, 0.0264820005700568
63, 134, 0.0253378843473005
63, 135, 0.0242187769208655
63, 136, 0.0231314714473036
63, 137, 0.0220828371416414
63, 138, 0.0210797710690952
63, 139, 0.0201291494401311
63, 140, 0.0192377789881874
63, 141, 0.0184123490062069
63, 142, 0.0176593846062367
63, 143, 0.0169852017458325
63, 144, 0.0163958645361429
63, 145, 0.0158971453096952
63, 146, 0.0154944878815987
63, 147, 0.0151929743867197
63, 148, 0.0149972960182072
63, 149, 0.0149117279304354
63, 150, 0.0149401085030705
63, 151, 0.0150858230937511
63, 152, 0.0153517923360813
63, 153, 0.0157404649686634
63, 154, 0.0162538151111654
63, 155, 0.0168933438363673
63, 156, 0.0176600848241918
63, 157, 0.0185546138262127
63, 158, 0.0195770616182875
63, 159, 0.0207271300758735
63, 160, 0.0220041109720762
63, 161, 0.0234069070732652
63, 162, 0.0249340550915292
63, 163, 0.0265837500474913
63, 164, 0.0283538706009684
63, 165, 0.030242004920207
63, 166, 0.0322454766823928
63, 167, 0.0343613708279326
63, 168, 0.0365865587276272
63, 169, 0.038917722464103
63, 170, 0.0413513779754584
63, 171, 0.0438838968586277
63, 172, 0.0465115266810907
63, 173, 0.0492304097008691
63, 174, 0.0520365999449549
63, 175, 0.0549260786441369
63, 176, 0.0578947680665773
63, 177, 0.0609385438324041
63, 178, 0.0640532458263065
63, 179, 0.0672346878539489
63, 180, 0.0704786662105712
63, 181, 0.0737809673461066
63, 182, 0.0771373748205248
63, 183, 0.0805436757458606
63, 184, 0.0839956669079203
63, 185, 0.0874891607512202
63, 186, 0.0910199913959174
63, 187, 0.0945840208359082
63, 188, 0.0981771454436515
63, 189, 0.101795302880311
63, 190, 0.105434479480481
63, 191, 0.109090718149677
63, 192, 0.112760126781105
63, 193, 0.116438887166436
63, 194, 0.12012326434469
63, 195, 0.123809616304128
63, 196, 0.12749440392557
63, 197, 0.13117420103192
63, 198, 0.13484570438888
63, 199, 0.138505743486158
63, 200, 0.142151289917378
63, 201, 0.145779466170667
63, 202, 0.149387553640727
63, 203, 0.152972999677139
63, 204, 0.156533423492617
63, 205, 0.160066620768819
63, 206, 0.163570566815765
63, 207, 0.167043418163516
63, 208, 0.170483512491074
63, 209, 0.173889366826745
63, 210, 0.177259673985886
63, 211, 0.18059329724518
63, 212, 0.183889263286585
63, 213, 0.187146753478025
63, 214, 0.190365093590857
63, 215, 0.193543742085406
63, 216, 0.196682277124486
63, 217, 0.199780382500251
63, 218, 0.202837832681169
63, 219, 0.205854477202884
63, 220, 0.208830224638894
63, 221, 0.211765026393919
63, 222, 0.214658860564485
63, 223, 0.217511716107686
63, 224, 0.220323577550274
63, 225, 0.223094410456744
63, 226, 0.225824147857056
63, 227, 0.22851267781281
63, 228, 0.231159832275676
63, 229, 0.233765377364285
63, 230, 0.23632900515644
63, 231, 0.2388503270633
63, 232, 0.241328868821573
63, 233, 0.243764067109936
63, 234, 0.24615526776718
63, 235, 0.248501725562841
63, 236, 0.250802605446749
63, 237, 0.253056985182603
63, 238, 0.255263859252435
63, 239, 0.257422143904327
63, 240, 0.259530683204574
63, 241, 0.261588255948194
63, 242, 0.263593583277826
63, 243, 0.265545336860546
63, 244, 0.267442147474827
63, 245, 0.269282613865323
63, 246, 0.271065311731006
63, 247, 0.272788802722186
63, 248, 0.274451643333433
63, 249, 0.276052393592175
63, 250, 0.277589625456322
63, 251, 0.279061930848092
63, 252, 0.280467929265236
63, 253, 0.281806274924388
63, 254, 0.283075663404395
63, 255, 0.284274837769568
63, 256, 0.285402594163989
63, 257, 0.286457786877992
63, 258, 0.287439332896517
63, 259, 0.288346215946437
63, 260, 0.28917749006579
63, 261, 0.289932282722426
63, 262, 0.290609797512743
63, 263, 0.291209316473104
63, 264, 0.291730202037158
63, 265, 0.292171898671919
63, 266, 0.292533934223971
63, 267, 0.292815921004785
63, 268, 0.293017556641086
63, 269, 0.2931386247123
63, 270, 0.293178995192861
63, 271, 0.2931386247123
63, 272, 0.293017556641085
63, 273, 0.292815921004785
63, 274, 0.29253393422397
63, 275, 0.292171898671918
63, 276, 0.291730202037159
63, 277, 0.291209316473104
63, 278, 0.290609797512743
63, 279, 0.289932282722426
63, 280, 0.289177490065791
63, 281, 0.288346215946438
63, 282, 0.287439332896517
63, 283, 0.286457786877991
63, 284, 0.285402594163989
63, 285, 0.284274837769568
63, 286, 0.283075663404395
63, 287, 0.281806274924388
63, 288, 0.280467929265237
63, 289, 0.279061930848094
63, 290, 0.277589625456322
63, 291, 0.276052393592175
63, 292, 0.274451643333434
63, 293, 0.272788802722188
63, 294, 0.271065311731006
63, 295, 0.269282613865322
63, 296, 0.267442147474828
63, 297, 0.265545336860548
63, 298, 0.263593583277826
63, 299, 0.261588255948195
63, 300, 0.259530683204574
63, 301, 0.257422143904327
63, 302, 0.255263859252434
63, 303, 0.253056985182601
63, 304, 0.25080260544675
63, 305, 0.24850172556284
63, 306, 0.246155267767181
63, 307, 0.243764067109935
63, 308, 0.241328868821572
63, 309, 0.2388503270633
63, 310, 0.23632900515644
63, 311, 0.233765377364285
63, 312, 0.231159832275678
63, 313, 0.22851267781281
63, 314, 0.225824147857057
63, 315, 0.223094410456746
63, 316, 0.220323577550274
63, 317, 0.217511716107686
63, 318, 0.214658860564486
63, 319, 0.211765026393918
63, 320, 0.208830224638894
63, 321, 0.205854477202884
63, 322, 0.20283783268117
63, 323, 0.199780382500252
63, 324, 0.196682277124486
63, 325, 0.193543742085406
63, 326, 0.190365093590857
63, 327, 0.187146753478025
63, 328, 0.183889263286585
63, 329, 0.18059329724518
63, 330, 0.177259673985886
63, 331, 0.173889366826745
63, 332, 0.170483512491074
63, 333, 0.167043418163515
63, 334, 0.163570566815764
63, 335, 0.160066620768819
63, 336, 0.156533423492616
63, 337, 0.152972999677139
63, 338, 0.149387553640727
63, 339, 0.145779466170666
63, 340, 0.142151289917378
63, 341, 0.138505743486158
63, 342, 0.134845704388881
63, 343, 0.13117420103192
63, 344, 0.127494403925571
63, 345, 0.123809616304128
63, 346, 0.12012326434469
63, 347, 0.116438887166436
63, 348, 0.112760126781104
63, 349, 0.109090718149677
63, 350, 0.10543447948048
63, 351, 0.101795302880311
63, 352, 0.0981771454436507
63, 353, 0.094584020835909
63, 354, 0.0910199913959179
63, 355, 0.0874891607512201
63, 356, 0.0839956669079204
63, 357, 0.0805436757458603
63, 358, 0.077137374820525
63, 359, 0.073780967346107
63, 360, 0.0704786662105712
64, 0, 0.0681646460882715
64, 1, 0.06501053401401
64, 2, 0.0619200653401784
64, 3, 0.0588973800241222
64, 4, 0.0559465936636487
64, 5, 0.0530717893699857
64, 6, 0.0502770086102085
64, 7, 0.0475662408350279
64, 8, 0.0449434117302462
64, 9, 0.0424123699593251
64, 10, 0.0399768722999954
64, 11, 0.0376405671189605
64, 12, 0.0354069761746936
64, 13, 0.0332794747880803
64, 14, 0.0312612704730362
64, 15, 0.0293553801729377
64, 16, 0.027564606302299
64, 17, 0.0258915118452168
64, 18, 0.0243383948111061
64, 19, 0.022907262392796
64, 20, 0.0215998052107083
64, 21, 0.0204173720583715
64, 22, 0.0193609455878045
64, 23, 0.0184311193875242
64, 24, 0.0176280769103284
64, 25, 0.016951572702333
64, 26, 0.0164009163687693
64, 27, 0.0159749596860705
64, 28, 0.0156720872341643
64, 29, 0.0154902108784437
64, 30, 0.0154267683784819
64, 31, 0.0154787263414529
64, 32, 0.0156425876736059
64, 33, 0.015914403614553
64, 34, 0.016289790367962
64, 35, 0.0167639502700497
64, 36, 0.0173316973654684
64, 37, 0.01798748719019
64, 38, 0.0187254504940885
64, 39, 0.0195394305732552
64, 40, 0.0204230238247028
64, 41, 0.0213696230848421
64, 42, 0.0223724632687218
64, 43, 0.0234246687900442
64, 44, 0.0245193022128787
64, 45, 0.0256494135651241
64, 46, 0.0268080897313178
64, 47, 0.0279885033385439
64, 48, 0.0291839605539114
64, 49, 0.0303879472254383
64, 50, 0.0315941728199173
64, 51, 0.0327966116413752
64, 52, 0.0339895408516258
64, 53, 0.0351675748597774
64, 54, 0.0363256956997898
64, 55, 0.0374592790735363
64, 56, 0.0385641158004849
64, 57, 0.0396364284829827
64, 58, 0.0406728832670932
64, 59, 0.0416705966516583
64, 60, 0.0426271373713605
64, 61, 0.0435405234515538
64, 62, 0.0444092146020351
64, 63, 0.0452321001822533
64, 64, 0.0460084830303002
64, 65, 0.0467380595011008
64, 66, 0.0474208961044154
64, 67, 0.0480574031696552
64, 68, 0.0486483059914971
64, 69, 0.0491946139273831
64, 70, 0.0496975879252357
64, 71, 0.0501587069572275
64, 72, 0.0505796338237507
64, 73, 0.0509621807715665
64, 74, 0.0513082753425156
64, 75, 0.0516199268352932
64, 76, 0.0518991937239462
64, 77, 0.052148152334475
64, 78, 0.0523688670365848
64, 79, 0.0525633621627602
64, 80, 0.052733595822862
64, 81, 0.0528814357405879
64, 82, 0.0530086371996375
64, 83, 0.0531168231532025
64, 84, 0.0532074665211101
64, 85, 0.0532818746753596
64, 86, 0.053341176096781
64, 87, 0.053386309173552
64, 88, 0.0534180131057905
64, 89, 0.0534368208791127
64, 90, 0.0534430542733082
64, 91, 0.0534368208791126
64, 92, 0.0534180131057903
64, 93, 0.0533863091735521
64, 94, 0.0533411760967811
64, 95, 0.0532818746753596
64, 96, 0.0532074665211098
64, 97, 0.0531168231532028
64, 98, 0.0530086371996382
64, 99, 0.0528814357405877
64, 100, 0.0527335958228621
64, 101, 0.0525633621627601
64, 102, 0.0523688670365847
64, 103, 0.052148152334475
64, 104, 0.0518991937239462
64, 105, 0.0516199268352938
64, 106, 0.0513082753425156
64, 107, 0.0509621807715666
64, 108, 0.0505796338237512
64, 109, 0.050158706957228
64, 110, 0.0496975879252356
64, 111, 0.0491946139273831
64, 112, 0.0486483059914972
64, 113, 0.0480574031696556
64, 114, 0.0474208961044155
64, 115, 0.0467380595011008
64, 116, 0.0460084830303
64, 117, 0.0452321001822532
64, 118, 0.0444092146020352
64, 119, 0.0435405234515538
64, 120, 0.0426271373713607
64, 121, 0.0416705966516583
64, 122, 0.0406728832670936
64, 123, 0.0396364284829828
64, 124, 0.0385641158004851
64, 125, 0.0374592790735363
64, 126, 0.0363256956997894
64, 127, 0.0351675748597775
64, 128, 0.0339895408516259
64, 129, 0.0327966116413752
64, 130, 0.0315941728199174
64, 131, 0.0303879472254381
64, 132, 0.0291839605539115
64, 133, 0.0279885033385437
64, 134, 0.0268080897313179
64, 135, 0.0256494135651239
64, 136, 0.0245193022128785
64, 137, 0.0234246687900443
64, 138, 0.022372463268722
64, 139, 0.021369623084842
64, 140, 0.020423023824703
64, 141, 0.0195394305732551
64, 142, 0.0187254504940884
64, 143, 0.01798748719019
64, 144, 0.0173316973654684
64, 145, 0.0167639502700498
64, 146, 0.016289790367962
64, 147, 0.0159144036145528
64, 148, 0.0156425876736057
64, 149, 0.015478726341453
64, 150, 0.0154267683784819
64, 151, 0.0154902108784437
64, 152, 0.0156720872341647
64, 153, 0.0159749596860705
64, 154, 0.0164009163687694
64, 155, 0.016951572702333
64, 156, 0.0176280769103283
64, 157, 0.0184311193875237
64, 158, 0.0193609455878045
64, 159, 0.0204173720583715
64, 160, 0.0215998052107086
64, 161, 0.0229072623927957
64, 162, 0.024338394811106
64, 163, 0.0258915118452171
64, 164, 0.0275646063022988
64, 165, 0.0293553801729374
64, 166, 0.0312612704730361
64, 167, 0.0332794747880804
64, 168, 0.0354069761746934
64, 169, 0.0376405671189604
64, 170, 0.0399768722999955
64, 171, 0.042412369959325
64, 172, 0.0449434117302459
64, 173, 0.0475662408350279
64, 174, 0.0502770086102084
64, 175, 0.0530717893699858
64, 176, 0.0559465936636486
64, 177, 0.0588973800241223
64, 178, 0.0619200653401784
64, 179, 0.0650105340140098
64, 180, 0.0681646460882714
64, 181, 0.0713782445420835
64, 182, 0.0746471619637888
64, 183, 0.077967226809615
64, 184, 0.0813342694520543
64, 185, 0.0847441282102368
64, 186, 0.0881926555373185
64, 187, 0.0916757245177168
64, 188, 0.0951892358005662
64, 189, 0.0987291250659884
64, 190, 0.102291371088406
64, 191, 0.105872004427275
64, 192, 0.109467116741029
64, 193, 0.113072870685693
64, 194, 0.116685510326424
64, 195, 0.120301371959021
64, 196, 0.123916895209908
64, 197, 0.12752863425806
64, 198, 0.131133269001378
64, 199, 0.134727615973646
64, 200, 0.138308638806848
64, 201, 0.141873458027681
64, 202, 0.145419359976591
64, 203, 0.148943804642873
64, 204, 0.152444432220024
64, 205, 0.155919068201593
64, 206, 0.159365726858819
64, 207, 0.162782612966981
64, 208, 0.166168121676998
64, 209, 0.169520836461737
64, 210, 0.172839525102023
64, 211, 0.176123133714496
64, 212, 0.179370778861451
64, 213, 0.182581737820699
64, 214, 0.185755437130166
64, 215, 0.188891439556791
64, 216, 0.191989429671031
64, 217, 0.19504919823652
64, 218, 0.198070625648038
64, 219, 0.201053664669651
64, 220, 0.203998322738066
64, 221, 0.206904644103537
64, 222, 0.209772692082122
64, 223, 0.212602531688476
64, 224, 0.21539421290811
64, 225, 0.21814775485225
64, 226, 0.220863131017844
64, 227, 0.22354025585023
64, 228, 0.226178972777453
64, 229, 0.228779043853914
64, 230, 0.231340141117708
64, 231, 0.233861839731841
64, 232, 0.236343612945051
64, 233, 0.238784828874294
64, 234, 0.241184749078747
64, 235, 0.24354252886536
64, 236, 0.245857219238708
64, 237, 0.248127770384386
64, 238, 0.25035303655501
64, 239, 0.252531782212059
64, 240, 0.254662689264754
64, 241, 0.256744365239594
64, 242, 0.258775352210301
64, 243, 0.260754136318077
64, 244, 0.262679157715651
64, 245, 0.264548820775238
64, 246, 0.266361504410048
64, 247, 0.268115572370544
64, 248, 0.26980938339014
64, 249, 0.271441301069693
64, 250, 0.273009703405663
64, 251, 0.274512991882716
64, 252, 0.275949600067332
64, 253, 0.277318001654402
64, 254, 0.2786167179335
64, 255, 0.279844324655121
64, 256, 0.280999458289709
64, 257, 0.282080821683292
64, 258, 0.28308718912316
64, 259, 0.284017410835042
64, 260, 0.284870416939685
64, 261, 0.28564522090157
64, 262, 0.286340922505969
64, 263, 0.286956710402312
64, 264, 0.287491864252555
64, 265, 0.287945756522404
64, 266, 0.288317853951594
64, 267, 0.288607718736467
64, 268, 0.288815009454558
64, 269, 0.288939481756394
64, 270, 0.28898098884479
64, 271, 0.288939481756395
64, 272, 0.288815009454558
64, 273, 0.288607718736467
64, 274, 0.288317853951593
64, 275, 0.287945756522405
64, 276, 0.287491864252556
64, 277, 0.286956710402314
64, 278, 0.286340922505968
64, 279, 0.285645220901569
64, 280, 0.284870416939683
64, 281, 0.284017410835042
64, 282, 0.283087189123159
64, 283, 0.282080821683291
64, 284, 0.280999458289709
64, 285, 0.27984432465512
64, 286, 0.2786167179335
64, 287, 0.277318001654402
64, 288, 0.275949600067332
64, 289, 0.274512991882716
64, 290, 0.273009703405663
64, 291, 0.271441301069694
64, 292, 0.26980938339014
64, 293, 0.268115572370544
64, 294, 0.266361504410048
64, 295, 0.264548820775239
64, 296, 0.262679157715651
64, 297, 0.260754136318078
64, 298, 0.258775352210302
64, 299, 0.256744365239595
64, 300, 0.254662689264753
64, 301, 0.252531782212058
64, 302, 0.25035303655501
64, 303, 0.248127770384384
64, 304, 0.245857219238709
64, 305, 0.243542528865362
64, 306, 0.241184749078748
64, 307, 0.238784828874293
64, 308, 0.236343612945053
64, 309, 0.233861839731842
64, 310, 0.231340141117708
64, 311, 0.228779043853915
64, 312, 0.226178972777454
64, 313, 0.22354025585023
64, 314, 0.220863131017845
64, 315, 0.218147754852251
64, 316, 0.21539421290811
64, 317, 0.212602531688476
64, 318, 0.209772692082123
64, 319, 0.206904644103538
64, 320, 0.203998322738068
64, 321, 0.201053664669652
64, 322, 0.198070625648038
64, 323, 0.195049198236521
64, 324, 0.191989429671031
64, 325, 0.188891439556791
64, 326, 0.185755437130165
64, 327, 0.182581737820698
64, 328, 0.179370778861451
64, 329, 0.176123133714495
64, 330, 0.172839525102024
64, 331, 0.169520836461737
64, 332, 0.166168121676998
64, 333, 0.162782612966982
64, 334, 0.159365726858819
64, 335, 0.155919068201593
64, 336, 0.152444432220025
64, 337, 0.148943804642873
64, 338, 0.145419359976591
64, 339, 0.141873458027681
64, 340, 0.138308638806848
64, 341, 0.134727615973646
64, 342, 0.131133269001378
64, 343, 0.127528634258061
64, 344, 0.123916895209909
64, 345, 0.120301371959022
64, 346, 0.116685510326423
64, 347, 0.113072870685694
64, 348, 0.10946711674103
64, 349, 0.105872004427275
64, 350, 0.102291371088406
64, 351, 0.0987291250659887
64, 352, 0.0951892358005667
64, 353, 0.0916757245177159
64, 354, 0.0881926555373188
64, 355, 0.084744128210237
64, 356, 0.0813342694520544
64, 357, 0.0779672268096152
64, 358, 0.074647161963789
64, 359, 0.0713782445420836
64, 360, 0.0681646460882718
65, 0, 0.0658441418724676
65, 1, 0.062783081833541
65, 2, 0.0597865966207088
65, 3, 0.0568587591433071
65, 4, 0.0540036106612357
65, 5, 0.0512251530959708
65, 6, 0.0485273403786862
65, 7, 0.0459140686359126
65, 8, 0.0433891650353408
65, 9, 0.0409563751437229
65, 10, 0.0386193486849569
65, 11, 0.0363816236286385
65, 12, 0.0342466085867662
65, 13, 0.0322175635478295
65, 14, 0.0302975790319334
65, 15, 0.0284895538065616
65, 16, 0.0267961713585343
65, 17, 0.0252198753721358
65, 18, 0.0237628445146939
65, 19, 0.0224269668775398
65, 20, 0.0212138144607794
65, 21, 0.0201246181234014
65, 22, 0.0191602434446839
65, 23, 0.0183211679578123
65, 24, 0.0176074602213824
65, 25, 0.0170187611886388
65, 26, 0.0165542683178727
65, 27, 0.0162127228405478
65, 28, 0.0159924005670193
65, 29, 0.0158911065639261
65, 30, 0.0159061739835269
65, 31, 0.0160344672647047
65, 32, 0.0162723898594019
65, 33, 0.016615896568467
65, 34, 0.0170605104987671
65, 35, 0.0176013445805179
65, 36, 0.0182331275115913
65, 37, 0.0189502339254507
65, 38, 0.0197467185125943
65, 39, 0.0206163537630768
65, 40, 0.0215526709407525
65, 41, 0.0225490038491392
65, 42, 0.023598534904857
65, 43, 0.0246943429979357
65, 44, 0.0258294525893019
65, 45, 0.026996883474669
65, 46, 0.0281897006311101
65, 47, 0.0294010635578625
65, 48, 0.0306242745264874
65, 49, 0.0318528251674049
65, 50, 0.0330804408399624
65, 51, 0.034301122261504
65, 52, 0.0355091839071372
65, 53, 0.0366992887357481
65, 54, 0.0378664788488439
65, 55, 0.0390062017463748
65, 56, 0.0401143319070734
65, 57, 0.0411871874890342
65, 58, 0.0422215420181703
65, 59, 0.0432146310064967
65, 60, 0.0441641535174622
65, 61, 0.0450682687702786
65, 62, 0.0459255879477376
65, 63, 0.0467351614407842
65, 64, 0.047496461826557
65, 65, 0.0482093629332875
65, 66, 0.0488741153940457
65, 67, 0.0494913191308576
65, 68, 0.0500618932402947
65, 69, 0.0505870437708657
65, 70, 0.0510682298911635
65, 71, 0.0515071289459447
65, 72, 0.051905600885603
65, 73, 0.0522656525335812
65, 74, 0.0525894021272738
65, 75, 0.052879044532069
65, 76, 0.0531368174869053
65, 77, 0.053364969194524
65, 78, 0.0535657275222377
65, 79, 0.0537412710309556
65, 80, 0.0538937020030933
65, 81, 0.0540250215951918
65, 82, 0.0541371071998718
65, 83, 0.0542316920652453
65, 84, 0.0543103471888317
65, 85, 0.0543744654780586
65, 86, 0.0544252481508006
65, 87, 0.0544636933371457
65, 88, 0.0544905868374983
65, 89, 0.0545064949916726
65, 90, 0.0545117596182049
65, 91, 0.0545064949916726
65, 92, 0.0544905868374981
65, 93, 0.0544636933371458
65, 94, 0.0544252481508005
65, 95, 0.0543744654780585
65, 96, 0.0543103471888319
65, 97, 0.0542316920652451
65, 98, 0.0541371071998717
65, 99, 0.0540250215951922
65, 100, 0.0538937020030936
65, 101, 0.0537412710309557
65, 102, 0.053565727522238
65, 103, 0.0533649691945239
65, 104, 0.0531368174869053
65, 105, 0.0528790445320694
65, 106, 0.0525894021272739
65, 107, 0.0522656525335814
65, 108, 0.0519056008856029
65, 109, 0.0515071289459449
65, 110, 0.0510682298911634
65, 111, 0.0505870437708659
65, 112, 0.0500618932402948
65, 113, 0.0494913191308571
65, 114, 0.0488741153940458
65, 115, 0.0482093629332871
65, 116, 0.047496461826557
65, 117, 0.0467351614407837
65, 118, 0.0459255879477377
65, 119, 0.0450682687702788
65, 120, 0.0441641535174622
65, 121, 0.0432146310064968
65, 122, 0.0422215420181706
65, 123, 0.0411871874890344
65, 124, 0.0401143319070735
65, 125, 0.0390062017463748
65, 126, 0.0378664788488437
65, 127, 0.036699288735748
65, 128, 0.0355091839071371
65, 129, 0.0343011222615041
65, 130, 0.0330804408399623
65, 131, 0.0318528251674049
65, 132, 0.0306242745264875
65, 133, 0.0294010635578623
65, 134, 0.0281897006311103
65, 135, 0.0269968834746691
65, 136, 0.025829452589302
65, 137, 0.0246943429979356
65, 138, 0.0235985349048569
65, 139, 0.0225490038491392
65, 140, 0.0215526709407523
65, 141, 0.0206163537630766
65, 142, 0.0197467185125941
65, 143, 0.0189502339254506
65, 144, 0.0182331275115914
65, 145, 0.0176013445805178
65, 146, 0.0170605104987671
65, 147, 0.0166158965684669
65, 148, 0.0162723898594019
65, 149, 0.0160344672647045
65, 150, 0.0159061739835269
65, 151, 0.0158911065639259
65, 152, 0.0159924005670194
65, 153, 0.0162127228405476
65, 154, 0.0165542683178727
65, 155, 0.0170187611886389
65, 156, 0.0176074602213821
65, 157, 0.0183211679578122
65, 158, 0.0191602434446839
65, 159, 0.0201246181234014
65, 160, 0.0212138144607793
65, 161, 0.0224269668775398
65, 162, 0.023762844514694
65, 163, 0.0252198753721354
65, 164, 0.0267961713585342
65, 165, 0.0284895538065617
65, 166, 0.0302975790319332
65, 167, 0.0322175635478296
65, 168, 0.0342466085867664
65, 169, 0.0363816236286383
65, 170, 0.0386193486849567
65, 171, 0.0409563751437228
65, 172, 0.0433891650353407
65, 173, 0.0459140686359125
65, 174, 0.0485273403786859
65, 175, 0.0512251530959711
65, 176, 0.0540036106612358
65, 177, 0.0568587591433071
65, 178, 0.0597865966207089
65, 179, 0.0627830818335409
65, 180, 0.0658441418724674
65, 181, 0.0689656791190493
65, 182, 0.0721435776588538
65, 183, 0.075373709388578
65, 184, 0.0786519400312148
65, 185, 0.0819741352594913
65, 186, 0.0853361671081217
65, 187, 0.0887339208305019
65, 188, 0.0921633023261754
65, 189, 0.0956202462326926
65, 190, 0.0991007247401699
65, 191, 0.102600757150071
65, 192, 0.10611642016231
65, 193, 0.109643858837808
65, 194, 0.113179298147956
65, 195, 0.116719054988996
65, 196, 0.120259550508987
65, 197, 0.123797322568411
65, 198, 0.127329038133408
65, 199, 0.130851505383591
65, 200, 0.134361685304822
65, 201, 0.137856702531633
65, 202, 0.141333855204317
65, 203, 0.144790623612115
65, 204, 0.148224677406471
65, 205, 0.151633881186569
65, 206, 0.155016298283222
65, 207, 0.158370192595883
65, 208, 0.161694028370784
65, 209, 0.164986467844841
65, 210, 0.168246366719613
65, 211, 0.171472767470891
65, 212, 0.174664890541742
65, 213, 0.177822123508831
65, 214, 0.180944008352635
65, 215, 0.184030227000606
65, 216, 0.187080585347621
65, 217, 0.190094995989069
65, 218, 0.193073459927995
65, 219, 0.19601604753818
65, 220, 0.198922879079307
65, 221, 0.201794105068022
65, 222, 0.20462988680995
65, 223, 0.20743037739194
65, 224, 0.210195703421965
65, 225, 0.212925947785932
65, 226, 0.215621133667108
65, 227, 0.218281210045507
65, 228, 0.220906038862253
65, 229, 0.223495383998505
65, 230, 0.226048902181118
65, 231, 0.22856613588861
65, 232, 0.231046508292465
65, 233, 0.233489320230992
65, 234, 0.23589374917714
65, 235, 0.238258850128259
65, 236, 0.240583558315756
65, 237, 0.242866693606445
65, 238, 0.245106966445402
65, 239, 0.247302985172739
65, 240, 0.249453264534051
65, 241, 0.251556235196132
65, 242, 0.253610254076082
65, 243, 0.255613615292584
65, 244, 0.257564561552837
65, 245, 0.259461295796623
65, 246, 0.261301992930211
65, 247, 0.263084811496263
65, 248, 0.264807905141397
65, 249, 0.266469433759941
65, 250, 0.268067574209997
65, 251, 0.269600530515978
65, 252, 0.271066543489627
65, 253, 0.272463899718844
65, 254, 0.273790939890072
65, 255, 0.275046066425237
65, 256, 0.276227750428074
65, 257, 0.277334537946879
65, 258, 0.27836505557129
65, 259, 0.279318015389445
65, 260, 0.280192219338826
65, 261, 0.280986562989392
65, 262, 0.281700038801053
65, 263, 0.282331738899446
65, 264, 0.282880857414496
65, 265, 0.283346692425117
65, 266, 0.283728647551319
65, 267, 0.284026233231671
65, 268, 0.284239067719744
65, 269, 0.284366877828229
65, 270, 0.284409499443617
65, 271, 0.28436687782823
65, 272, 0.284239067719745
65, 273, 0.284026233231671
65, 274, 0.283728647551319
65, 275, 0.283346692425117
65, 276, 0.282880857414497
65, 277, 0.282331738899446
65, 278, 0.281700038801052
65, 279, 0.280986562989395
65, 280, 0.280192219338826
65, 281, 0.279318015389445
65, 282, 0.278365055571292
65, 283, 0.277334537946878
65, 284, 0.276227750428073
65, 285, 0.275046066425237
65, 286, 0.273790939890072
65, 287, 0.272463899718846
65, 288, 0.271066543489628
65, 289, 0.269600530515977
65, 290, 0.268067574209996
65, 291, 0.266469433759942
65, 292, 0.264807905141397
65, 293, 0.263084811496264
65, 294, 0.261301992930212
65, 295, 0.259461295796622
65, 296, 0.257564561552837
65, 297, 0.255613615292583
65, 298, 0.253610254076081
65, 299, 0.251556235196133
65, 300, 0.249453264534052
65, 301, 0.247302985172739
65, 302, 0.245106966445403
65, 303, 0.242866693606446
65, 304, 0.240583558315755
65, 305, 0.238258850128257
65, 306, 0.23589374917714
65, 307, 0.233489320230991
65, 308, 0.231046508292465
65, 309, 0.22856613588861
65, 310, 0.226048902181117
65, 311, 0.223495383998505
65, 312, 0.220906038862254
65, 313, 0.218281210045507
65, 314, 0.215621133667107
65, 315, 0.212925947785932
65, 316, 0.210195703421965
65, 317, 0.207430377391939
65, 318, 0.20462988680995
65, 319, 0.201794105068023
65, 320, 0.198922879079307
65, 321, 0.196016047538181
65, 322, 0.193073459927995
65, 323, 0.19009499598907
65, 324, 0.187080585347622
65, 325, 0.184030227000607
65, 326, 0.180944008352636
65, 327, 0.177822123508832
65, 328, 0.174664890541742
65, 329, 0.171472767470891
65, 330, 0.168246366719613
65, 331, 0.16498646784484
65, 332, 0.161694028370784
65, 333, 0.158370192595883
65, 334, 0.155016298283222
65, 335, 0.15163388118657
65, 336, 0.148224677406471
65, 337, 0.144790623612115
65, 338, 0.141333855204317
65, 339, 0.137856702531633
65, 340, 0.134361685304822
65, 341, 0.13085150538359
65, 342, 0.127329038133408
65, 343, 0.123797322568411
65, 344, 0.120259550508987
65, 345, 0.116719054988996
65, 346, 0.113179298147956
65, 347, 0.109643858837808
65, 348, 0.10611642016231
65, 349, 0.102600757150071
65, 350, 0.099100724740171
65, 351, 0.0956202462326928
65, 352, 0.0921633023261755
65, 353, 0.0887339208305019
65, 354, 0.0853361671081222
65, 355, 0.0819741352594912
65, 356, 0.0786519400312152
65, 357, 0.0753737093885787
65, 358, 0.0721435776588531
65, 359, 0.0689656791190496
65, 360, 0.0658441418724673
66, 0, 0.0635163281821646
66, 1, 0.0605514000165757
66, 2, 0.0576517785939585
66, 3, 0.0548214666110551
66, 4, 0.0520644274496726
66, 5, 0.0493845779170205
66, 6, 0.0467857801008055
66, 7, 0.0442718321245444
66, 8, 0.0418464576103958
66, 9, 0.0395132936862511
66, 10, 0.0372758774104876
66, 11, 0.0351376305309259
66, 12, 0.0331018425432625
66, 13, 0.0311716520674089
66, 14, 0.0293500266165066
66, 15, 0.0276397408913845
66, 16, 0.0260433537913537
66, 17, 0.0245631843888124
66, 18, 0.0232012871685206
66, 19, 0.0219594268809326
66, 20, 0.0208390534011487
66, 21, 0.0198412770194226
66, 22, 0.0189668446145626
66, 23, 0.0182161171770453
66, 24, 0.0175890491535336
66, 25, 0.0170851700784054
66, 26, 0.0167035689408189
66, 27, 0.0164428817080756
66, 28, 0.0163012823881633
66, 29, 0.01627647796732
66, 30, 0.0163657075033618
66, 31, 0.0165657455937307
66, 32, 0.0168729103702619
66, 33, 0.0172830761020836
66, 34, 0.0177916904155001
66, 35, 0.0183937960667231
66, 36, 0.0190840571313947
66, 37, 0.0198567894053686
66, 38, 0.0207059947453586
66, 39, 0.0216253990168877
66, 40, 0.0226084932612622
66, 41, 0.0236485776437879
66, 42, 0.024738807702564
66, 43, 0.0258722423813788
66, 44, 0.0270418933016826
66, 45, 0.0282407747075643
66, 46, 0.0294619535042109
66, 47, 0.0306985988045977
66, 48, 0.031944030401232
66, 49, 0.0331917655897381
66, 50, 0.0344355637889348
66, 51, 0.035669468427904
66, 52, 0.0368878456042466
66, 53, 0.0380854190591772
66, 54, 0.0392573010640022
66, 55, 0.0403990188684134
66, 56, 0.0415065364232932
66, 57, 0.0425762711584774
66, 58, 0.0436051056681419
66, 59, 0.0445903942318458
66, 60, 0.0455299641763856
66, 61, 0.046422112160808
66, 62, 0.0472655955425623
66, 63, 0.0480596190550581
66, 64, 0.0488038170941218
66, 65, 0.0494982319713857
66, 66, 0.0501432885450635
66, 67, 0.0507397656815824
66, 68, 0.0512887650342393
66, 69, 0.0517916776467902
66, 70, 0.0522501489003802
66, 71, 0.0526660423215314
66, 72, 0.053041402757554
66, 73, 0.0533784194043988
66, 74, 0.05367938914181
66, 75, 0.0539466805929663
66, 76, 0.0541826992821151
66, 77, 0.0543898542158259
66, 78, 0.0545705261630021
66, 79, 0.0547270378575566
66, 80, 0.0548616262973612
66, 81, 0.0549764172652447
66, 82, 0.0550734021538407
66, 83, 0.0551544171372375
66, 84, 0.0552211246993767
66, 85, 0.0552749975028222
66, 86, 0.0553173045620869
66, 87, 0.0553490996732297
66, 88, 0.0553712120456651
66, 89, 0.0553842390825843
66, 90, 0.0553885412622287
66, 91, 0.0553842390825842
66, 92, 0.055371212045665
66, 93, 0.0553490996732296
66, 94, 0.0553173045620858
66, 95, 0.0552749975028223
66, 96, 0.0552211246993773
66, 97, 0.0551544171372376
66, 98, 0.0550734021538396
66, 99, 0.0549764172652454
66, 100, 0.0548616262973617
66, 101, 0.0547270378575566
66, 102, 0.0545705261630016
66, 103, 0.054389854215826
66, 104, 0.0541826992821151
66, 105, 0.0539466805929666
66, 106, 0.0536793891418098
66, 107, 0.0533784194043983
66, 108, 0.0530414027575544
66, 109, 0.0526660423215323
66, 110, 0.0522501489003803
66, 111, 0.0517916776467903
66, 112, 0.0512887650342393
66, 113, 0.050739765681583
66, 114, 0.0501432885450638
66, 115, 0.0494982319713856
66, 116, 0.0488038170941215
66, 117, 0.0480596190550583
66, 118, 0.0472655955425621
66, 119, 0.0464221121608083
66, 120, 0.0455299641763855
66, 121, 0.0445903942318459
66, 122, 0.0436051056681419
66, 123, 0.0425762711584775
66, 124, 0.0415065364232929
66, 125, 0.0403990188684134
66, 126, 0.0392573010640023
66, 127, 0.0380854190591769
66, 128, 0.0368878456042466
66, 129, 0.035669468427904
66, 130, 0.0344355637889349
66, 131, 0.033191765589738
66, 132, 0.0319440304012322
66, 133, 0.0306985988045975
66, 134, 0.0294619535042112
66, 135, 0.0282407747075642
66, 136, 0.0270418933016823
66, 137, 0.0258722423813787
66, 138, 0.0247388077025638
66, 139, 0.023648577643788
66, 140, 0.0226084932612622
66, 141, 0.0216253990168875
66, 142, 0.0207059947453586
66, 143, 0.0198567894053684
66, 144, 0.0190840571313946
66, 145, 0.018393796066723
66, 146, 0.0177916904155001
66, 147, 0.0172830761020834
66, 148, 0.0168729103702618
66, 149, 0.0165657455937305
66, 150, 0.0163657075033618
66, 151, 0.0162764779673201
66, 152, 0.0163012823881632
66, 153, 0.0164428817080755
66, 154, 0.0167035689408189
66, 155, 0.0170851700784055
66, 156, 0.017589049153534
66, 157, 0.0182161171770451
66, 158, 0.0189668446145629
66, 159, 0.0198412770194227
66, 160, 0.0208390534011485
66, 161, 0.0219594268809325
66, 162, 0.0232012871685206
66, 163, 0.0245631843888126
66, 164, 0.0260433537913534
66, 165, 0.0276397408913843
66, 166, 0.0293500266165067
66, 167, 0.0311716520674089
66, 168, 0.0331018425432625
66, 169, 0.035137630530926
66, 170, 0.0372758774104875
66, 171, 0.0395132936862512
66, 172, 0.0418464576103957
66, 173, 0.0442718321245447
66, 174, 0.0467857801008056
66, 175, 0.0493845779170206
66, 176, 0.0520644274496725
66, 177, 0.0548214666110554
66, 178, 0.0576517785939585
66, 179, 0.0605514000165758
66, 180, 0.0635163281821644
66, 181, 0.0665425276818747
66, 182, 0.0696259365751414
66, 183, 0.0727624723802543
66, 184, 0.0759480380985386
66, 185, 0.0791785284795415
66, 186, 0.0824498367123923
66, 187, 0.0857578617008838
66, 188, 0.0890985160476653
66, 189, 0.0924677348372743
66, 190, 0.0958614852694883
66, 191, 0.0992757771547338
66, 192, 0.102706674243098
66, 193, 0.106150306318797
66, 194, 0.109602881953897
66, 195, 0.113060701779389
66, 196, 0.116520172099572
66, 197, 0.119977818647522
66, 198, 0.123430300256306
66, 199, 0.126874422202863
66, 200, 0.130307148969734
66, 201, 0.13372561616444
66, 202, 0.13712714133743
66, 203, 0.14050923344733
66, 204, 0.143869600736551
66, 205, 0.147206156800978
66, 206, 0.150517024664123
66, 207, 0.153800538698142
66, 208, 0.157055244270923
66, 209, 0.160279895039209
66, 210, 0.163473447851429
66, 211, 0.166635055269697
66, 212, 0.169764055767049
66, 213, 0.172859961702386
66, 214, 0.175922445220536
66, 215, 0.178951322267372
66, 216, 0.181946534948547
66, 217, 0.184908132494714
66, 218, 0.18783625112455
66, 219, 0.190731093119255
66, 220, 0.193592905437617
66, 221, 0.196421958208882
66, 222, 0.199218523441405
66, 223, 0.201982854278363
66, 224, 0.204715165117972
66, 225, 0.207415612895039
66, 226, 0.210084279793987
66, 227, 0.212721157631528
66, 228, 0.215326134110706
66, 229, 0.217898981108347
66, 230, 0.220439345115958
66, 231, 0.222946739910981
66, 232, 0.225420541492266
66, 233, 0.227859985271541
66, 234, 0.230264165472826
66, 235, 0.232632036654742
66, 236, 0.234962417237467
66, 237, 0.237253994887423
66, 238, 0.239505333588614
66, 239, 0.241714882210897
66, 240, 0.243880984371726
66, 241, 0.24600188937968
66, 242, 0.248075764044689
66, 243, 0.250100705141454
66, 244, 0.252074752318217
66, 245, 0.253995901252841
66, 246, 0.255862116870972
66, 247, 0.257671346456766
66, 248, 0.25942153250427
66, 249, 0.26111062517673
66, 250, 0.262736594261039
66, 251, 0.264297440524754
66, 252, 0.265791206403236
66, 253, 0.267215985963671
66, 254, 0.268569934111156
66, 255, 0.269851275018804
66, 256, 0.271058309779159
66, 257, 0.272189423287646
66, 258, 0.273243090380258
66, 259, 0.274217881257233
66, 260, 0.275112466232017
66, 261, 0.275925619850286
66, 262, 0.27665622442757
66, 263, 0.277303273055811
66, 264, 0.277865872129492
66, 265, 0.278343243440621
66, 266, 0.278734725889263
66, 267, 0.279039776852432
66, 268, 0.279257973249317
66, 269, 0.279389012335048
66, 270, 0.279432712248806
66, 271, 0.279389012335048
66, 272, 0.279257973249318
66, 273, 0.279039776852432
66, 274, 0.278734725889263
66, 275, 0.278343243440621
66, 276, 0.277865872129492
66, 277, 0.27730327305581
66, 278, 0.276656224427569
66, 279, 0.275925619850286
66, 280, 0.275112466232016
66, 281, 0.274217881257234
66, 282, 0.273243090380258
66, 283, 0.272189423287647
66, 284, 0.27105830977916
66, 285, 0.269851275018804
66, 286, 0.268569934111157
66, 287, 0.267215985963671
66, 288, 0.265791206403234
66, 289, 0.264297440524754
66, 290, 0.262736594261038
66, 291, 0.261110625176731
66, 292, 0.259421532504271
66, 293, 0.257671346456765
66, 294, 0.255862116870973
66, 295, 0.25399590125284
66, 296, 0.252074752318217
66, 297, 0.250100705141452
66, 298, 0.248075764044689
66, 299, 0.24600188937968
66, 300, 0.243880984371726
66, 301, 0.241714882210895
66, 302, 0.239505333588615
66, 303, 0.237253994887422
66, 304, 0.234962417237468
66, 305, 0.232632036654741
66, 306, 0.230264165472827
66, 307, 0.22785998527154
66, 308, 0.225420541492265
66, 309, 0.22294673991098
66, 310, 0.220439345115957
66, 311, 0.217898981108347
66, 312, 0.215326134110706
66, 313, 0.212721157631529
66, 314, 0.210084279793988
66, 315, 0.207415612895039
66, 316, 0.204715165117973
66, 317, 0.201982854278362
66, 318, 0.199218523441405
66, 319, 0.196421958208883
66, 320, 0.193592905437617
66, 321, 0.190731093119255
66, 322, 0.187836251124549
66, 323, 0.184908132494714
66, 324, 0.181946534948547
66, 325, 0.178951322267372
66, 326, 0.175922445220537
66, 327, 0.172859961702386
66, 328, 0.16976405576705
66, 329, 0.166635055269697
66, 330, 0.163473447851428
66, 331, 0.16027989503921
66, 332, 0.157055244270923
66, 333, 0.153800538698142
66, 334, 0.150517024664123
66, 335, 0.147206156800978
66, 336, 0.143869600736551
66, 337, 0.140509233447331
66, 338, 0.13712714133743
66, 339, 0.13372561616444
66, 340, 0.130307148969734
66, 341, 0.126874422202863
66, 342, 0.123430300256306
66, 343, 0.119977818647521
66, 344, 0.116520172099571
66, 345, 0.113060701779389
66, 346, 0.109602881953896
66, 347, 0.106150306318798
66, 348, 0.102706674243098
66, 349, 0.0992757771547341
66, 350, 0.0958614852694885
66, 351, 0.0924677348372747
66, 352, 0.0890985160476654
66, 353, 0.085757861700884
66, 354, 0.0824498367123923
66, 355, 0.0791785284795411
66, 356, 0.0759480380985389
66, 357, 0.0727624723802545
66, 358, 0.0696259365751411
66, 359, 0.0665425276818749
66, 360, 0.0635163281821646
67, 0, 0.0611793316934127
67, 1, 0.0583135415688093
67, 2, 0.0555135661435711
67, 3, 0.0527833347444336
67, 4, 0.0501267294207813
67, 5, 0.0475475781006309
67, 6, 0.0450496469484868
67, 7, 0.042636631696301
67, 8, 0.0403121477401359
67, 9, 0.0380797188245582
67, 10, 0.0359427641738795
67, 11, 0.0339045839732769
67, 12, 0.0319683431527269
67, 13, 0.0301370534813092
67, 14, 0.0284135540374759
67, 15, 0.0268004901807374
67, 16, 0.0253002912103062
67, 17, 0.0239151469547204
67, 18, 0.0226469835917092
67, 19, 0.021497439047719
67, 20, 0.0204678383700592
67, 21, 0.0195591695000686
67, 22, 0.0187720599017527
67, 23, 0.0181067545161277
67, 24, 0.0175630955162388
67, 25, 0.0171405043312625
67, 26, 0.0168379663902234
67, 27, 0.0166540190070393
67, 28, 0.0165867427895482
67, 29, 0.0166337569068956
67, 30, 0.0167922184934056
67, 31, 0.0170588264043016
67, 32, 0.0174298294710004
67, 33, 0.0179010393328077
67, 34, 0.0184678478494044
67, 35, 0.0191252490261063
67, 36, 0.0198678653130029
67, 37, 0.0206899780710435
67, 38, 0.0215855619340719
67, 39, 0.0225483227366213
67, 40, 0.0235717386236669
67, 41, 0.0246491039110209
67, 42, 0.025773575223974
67, 43, 0.0269382194073476
67, 44, 0.0281360626724744
67, 45, 0.0293601404258174
67, 46, 0.0306035472100483
67, 47, 0.0318594861815283
67, 48, 0.0331213175483546
67, 49, 0.0343826054006236
67, 50, 0.0356371623794848
67, 51, 0.0368790916540761
67, 52, 0.0381028257056869
67, 53, 0.0393031614565367
67, 54, 0.0404752913263047
67, 55, 0.0416148298527437
67, 56, 0.0427178355729124
67, 57, 0.0437808279280286
67, 58, 0.0448007990267297
67, 59, 0.0457752201773944
67, 60, 0.0467020431786775
67, 61, 0.0475796964368437
67, 62, 0.0484070760570817
67, 63, 0.0491835321318145
67, 64, 0.0499088505202134
67, 65, 0.0505832304778304
67, 66, 0.0512072585518389
67, 67, 0.0517818792043671
67, 68, 0.0523083626626742
67, 69, 0.0527882705196853
67, 70, 0.0532234196212316
67, 71, 0.0536158447772554
67, 72, 0.0539677608236173
67, 73, 0.0542815245397586
67, 74, 0.0545595968964518
67, 75, 0.0548045060686484
67, 76, 0.0550188116025925
67, 77, 0.0552050700758329
67, 78, 0.0553658025352895
67, 79, 0.0555034639441545
67, 80, 0.0556204148148973
67, 81, 0.0557188951547229
67, 82, 0.0558010008030861
67, 83, 0.0558686621994769
67, 84, 0.055923625584805
67, 85, 0.0559674366118445
67, 86, 0.0560014263199396
67, 87, 0.056026699416384
67, 88, 0.05604412480141
67, 89, 0.0560543282750089
67, 90, 0.056057687370897
67, 91, 0.056054328275009
67, 92, 0.0560441248014101
67, 93, 0.0560266994163836
67, 94, 0.0560014263199399
67, 95, 0.0559674366118445
67, 96, 0.0559236255848051
67, 97, 0.0558686621994768
67, 98, 0.0558010008030856
67, 99, 0.0557188951547234
67, 100, 0.0556204148148975
67, 101, 0.0555034639441547
67, 102, 0.0553658025352897
67, 103, 0.0552050700758328
67, 104, 0.0550188116025924
67, 105, 0.0548045060686481
67, 106, 0.0545595968964516
67, 107, 0.054281524539759
67, 108, 0.0539677608236173
67, 109, 0.0536158447772555
67, 110, 0.0532234196212314
67, 111, 0.0527882705196853
67, 112, 0.0523083626626741
67, 113, 0.0517818792043669
67, 114, 0.0512072585518393
67, 115, 0.0505832304778303
67, 116, 0.0499088505202135
67, 117, 0.0491835321318144
67, 118, 0.0484070760570814
67, 119, 0.0475796964368437
67, 120, 0.0467020431786775
67, 121, 0.045775220177394
67, 122, 0.0448007990267296
67, 123, 0.0437808279280286
67, 124, 0.0427178355729121
67, 125, 0.0416148298527436
67, 126, 0.0404752913263047
67, 127, 0.0393031614565367
67, 128, 0.0381028257056868
67, 129, 0.0368790916540763
67, 130, 0.0356371623794846
67, 131, 0.0343826054006235
67, 132, 0.0331213175483546
67, 133, 0.0318594861815285
67, 134, 0.0306035472100482
67, 135, 0.0293601404258173
67, 136, 0.0281360626724744
67, 137, 0.0269382194073476
67, 138, 0.025773575223974
67, 139, 0.0246491039110209
67, 140, 0.0235717386236669
67, 141, 0.0225483227366213
67, 142, 0.0215855619340719
67, 143, 0.0206899780710433
67, 144, 0.0198678653130029
67, 145, 0.0191252490261064
67, 146, 0.0184678478494043
67, 147, 0.0179010393328077
67, 148, 0.0174298294710003
67, 149, 0.0170588264043015
67, 150, 0.0167922184934055
67, 151, 0.0166337569068955
67, 152, 0.0165867427895479
67, 153, 0.0166540190070394
67, 154, 0.0168379663902236
67, 155, 0.0171405043312625
67, 156, 0.0175630955162387
67, 157, 0.0181067545161278
67, 158, 0.0187720599017526
67, 159, 0.0195591695000685
67, 160, 0.0204678383700594
67, 161, 0.0214974390477187
67, 162, 0.0226469835917092
67, 163, 0.0239151469547203
67, 164, 0.0253002912103062
67, 165, 0.0268004901807375
67, 166, 0.0284135540374758
67, 167, 0.0301370534813091
67, 168, 0.0319683431527267
67, 169, 0.033904583973277
67, 170, 0.0359427641738797
67, 171, 0.0380797188245583
67, 172, 0.0403121477401357
67, 173, 0.0426366316963011
67, 174, 0.0450496469484866
67, 175, 0.0475475781006309
67, 176, 0.0501267294207814
67, 177, 0.0527833347444336
67, 178, 0.0555135661435715
67, 179, 0.0583135415688091
67, 180, 0.0611793316934128
67, 181, 0.0641069662010136
67, 182, 0.0670924397635265
67, 183, 0.0701317179523665
67, 184, 0.0732207433148965
67, 185, 0.0763554418297047
67, 186, 0.079531729929598
67, 187, 0.0827455222508292
67, 188, 0.0859927402321114
67, 189, 0.0892693216483699
67, 190, 0.0925712311230366
67, 191, 0.0958944716200349
67, 192, 0.0992350968736493
67, 193, 0.10258922467216
67, 194, 0.105953050870612
67, 195, 0.109322863970329
67, 196, 0.11269506006865
67, 197, 0.11606615795289
67, 198, 0.119432814088148
67, 199, 0.122791837230343
67, 200, 0.126140202383854
67, 201, 0.12947506381815
67, 202, 0.132793766859715
67, 203, 0.136093858184795
67, 204, 0.139373094354703
67, 205, 0.142629448358513
67, 206, 0.145861113957532
67, 207, 0.149066507661357
67, 208, 0.152244268205865
67, 209, 0.155393253448376
67, 210, 0.158512534643299
67, 211, 0.161601388111893
67, 212, 0.164659284370958
67, 213, 0.167685874836286
67, 214, 0.170680976265965
67, 215, 0.173644553155298
67, 216, 0.176576698337494
67, 217, 0.179477612081734
67, 218, 0.182347580011368
67, 219, 0.185186950189269
67, 220, 0.187996109734048
67, 221, 0.190775461339336
67, 222, 0.19352540006876
67, 223, 0.196246290791369
67, 224, 0.198938446606439
67, 225, 0.201602108583303
67, 226, 0.204237427111947
67, 227, 0.206844445124116
67, 228, 0.209423083404134
67, 229, 0.211973128164161
67, 230, 0.214494221011981
67, 231, 0.21698585139135
67, 232, 0.2194473515272
67, 233, 0.221877893861372
67, 234, 0.224276490920472
67, 235, 0.226641997516729
67, 236, 0.228973115146241
67, 237, 0.231268398417537
67, 238, 0.233526263317314
67, 239, 0.235744997099838
67, 240, 0.23792276957218
67, 241, 0.240057645538759
67, 242, 0.242147598165793
67, 243, 0.244190523028526
67, 244, 0.246184252611201
67, 245, 0.248126571041148
67, 246, 0.250015228853202
67, 247, 0.251847957598593
67, 248, 0.253622484132421
67, 249, 0.255336544435466
67, 250, 0.256987896848434
67, 251, 0.258574334619446
67, 252, 0.260093697687826
67, 253, 0.26154388364875
67, 254, 0.26292285786354
67, 255, 0.264228662698957
67, 256, 0.265459425895629
67, 257, 0.266613368080463
67, 258, 0.267688809450319
67, 259, 0.268684175664609
67, 260, 0.269598002992479
67, 261, 0.270428942766093
67, 262, 0.271175765195395
67, 263, 0.271837362601481
67, 264, 0.272412752125763
67, 265, 0.272901077970439
67, 266, 0.273301613222695
67, 267, 0.273613761310599
67, 268, 0.273837057133164
67, 269, 0.273971167900541
67, 270, 0.274015893713129
67, 271, 0.273971167900542
67, 272, 0.273837057133165
67, 273, 0.273613761310599
67, 274, 0.273301613222695
67, 275, 0.27290107797044
67, 276, 0.272412752125762
67, 277, 0.271837362601482
67, 278, 0.271175765195395
67, 279, 0.270428942766093
67, 280, 0.269598002992478
67, 281, 0.268684175664609
67, 282, 0.267688809450318
67, 283, 0.266613368080463
67, 284, 0.26545942589563
67, 285, 0.264228662698958
67, 286, 0.26292285786354
67, 287, 0.261543883648751
67, 288, 0.260093697687826
67, 289, 0.258574334619447
67, 290, 0.256987896848434
67, 291, 0.255336544435466
67, 292, 0.253622484132421
67, 293, 0.251847957598593
67, 294, 0.250015228853202
67, 295, 0.248126571041148
67, 296, 0.246184252611201
67, 297, 0.244190523028526
67, 298, 0.242147598165794
67, 299, 0.240057645538759
67, 300, 0.237922769572181
67, 301, 0.235744997099838
67, 302, 0.233526263317315
67, 303, 0.231268398417537
67, 304, 0.22897311514624
67, 305, 0.226641997516729
67, 306, 0.224276490920472
67, 307, 0.221877893861372
67, 308, 0.2194473515272
67, 309, 0.21698585139135
67, 310, 0.214494221011981
67, 311, 0.211973128164162
67, 312, 0.209423083404134
67, 313, 0.206844445124117
67, 314, 0.204237427111945
67, 315, 0.201602108583304
67, 316, 0.198938446606439
67, 317, 0.196246290791369
67, 318, 0.193525400068759
67, 319, 0.190775461339336
67, 320, 0.187996109734048
67, 321, 0.185186950189269
67, 322, 0.182347580011367
67, 323, 0.179477612081735
67, 324, 0.176576698337494
67, 325, 0.173644553155297
67, 326, 0.170680976265965
67, 327, 0.167685874836286
67, 328, 0.164659284370958
67, 329, 0.161601388111891
67, 330, 0.158512534643299
67, 331, 0.155393253448375
67, 332, 0.152244268205866
67, 333, 0.149066507661356
67, 334, 0.145861113957532
67, 335, 0.142629448358513
67, 336, 0.139373094354703
67, 337, 0.136093858184795
67, 338, 0.132793766859715
67, 339, 0.12947506381815
67, 340, 0.126140202383855
67, 341, 0.122791837230343
67, 342, 0.119432814088148
67, 343, 0.116066157952889
67, 344, 0.112695060068651
67, 345, 0.109322863970329
67, 346, 0.105953050870613
67, 347, 0.10258922467216
67, 348, 0.0992350968736495
67, 349, 0.0958944716200352
67, 350, 0.0925712311230363
67, 351, 0.0892693216483701
67, 352, 0.0859927402321113
67, 353, 0.0827455222508292
67, 354, 0.0795317299295981
67, 355, 0.0763554418297049
67, 356, 0.0732207433148967
67, 357, 0.0701317179523673
67, 358, 0.0670924397635257
67, 359, 0.064106966201014
67, 360, 0.061179331693413
68, 0, 0.0588301590936137
68, 1, 0.0560664749677345
68, 2, 0.0533688647210924
68, 3, 0.0507411810143375
68, 4, 0.0481872210643956
68, 5, 0.045710720197836
68, 6, 0.043315344701993
68, 7, 0.0410046837317653
68, 8, 0.0387822400508395
68, 9, 0.0366514194154246
68, 10, 0.0346155184459162
68, 11, 0.0326777108764997
68, 12, 0.030841032123576
68, 13, 0.0291083621697921
68, 14, 0.0274824068199621
68, 15, 0.0259656774466927
68, 16, 0.0245604694052427
68, 17, 0.0232688393573426
68, 18, 0.0220925818004289
68, 19, 0.0210332051502746
68, 20, 0.0200919077695852
68, 21, 0.0192695543713011
68, 22, 0.0185666532517742
68, 23, 0.0179833348247298
68, 24, 0.017519331931289
68, 25, 0.0171739623940268
68, 26, 0.0169461142641824
68, 27, 0.016834234181141
68, 28, 0.016836319223025
68, 29, 0.0169499125777502
68, 30, 0.0171721033066397
68, 31, 0.0174995304092411
68, 32, 0.0179283913300031
68, 33, 0.0184544549768149
68, 34, 0.0190730792496689
68, 35, 0.0197792330066493
68, 36, 0.020567522325414
68, 37, 0.0214322208526486
68, 38, 0.0223673039726321
68, 39, 0.0233664864697954
68, 40, 0.0244232633095715
68, 41, 0.0255309531171804
68, 42, 0.0266827438954635
68, 43, 0.0278717404904802
68, 44, 0.0290910132872601
68, 45, 0.0303336475978371
68, 46, 0.0315927931894278
68, 47, 0.0328617133924262
68, 48, 0.0341338332259046
68, 49, 0.0354027859827642
68, 50, 0.036662457727889
68, 51, 0.0379070291809808
68, 52, 0.0391310144815428
68, 53, 0.0403292963670323
68, 54, 0.0414971573367012
68, 55, 0.0426303064230577
68, 56, 0.0437249012499995
68, 57, 0.0447775651209007
68, 58, 0.0457853989505085
68, 59, 0.0467459879301733
68, 60, 0.047657402895363
68, 61, 0.0485181964457344
68, 62, 0.0493273939494687
68, 63, 0.0500844796429642
68, 64, 0.0507893781123022
68, 65, 0.0514424315120441
68, 66, 0.0520443729380805
68, 67, 0.052596296422614
68, 68, 0.0530996240597653
68, 69, 0.0535560707985668
68, 70, 0.0539676074558216
68, 71, 0.0543364225043096
68, 72, 0.0546648831824277
68, 73, 0.0549554964502701
68, 74, 0.0552108702857536
68, 75, 0.0554336757737708
68, 76, 0.0556266103937079
68, 77, 0.055792362857544
68, 78, 0.0559335797944619
68, 79, 0.0560528345204283
68, 80, 0.0561525980744285
68, 81, 0.0562352126491627
68, 82, 0.0563028674942743
68, 83, 0.0563575773263749
68, 84, 0.0564011632430978
68, 85, 0.0564352361091116
68, 86, 0.0564611823607155
68, 87, 0.0564801521625392
68, 88, 0.0564930498445793
68, 89, 0.0565005265498501
68, 90, 0.0565029750312386
68, 91, 0.0565005265498502
68, 92, 0.0564930498445791
68, 93, 0.0564801521625388
68, 94, 0.0564611823607156
68, 95, 0.0564352361091117
68, 96, 0.0564011632430984
68, 97, 0.0563575773263759
68, 98, 0.0563028674942752
68, 99, 0.0562352126491623
68, 100, 0.0561525980744285
68, 101, 0.0560528345204287
68, 102, 0.055933579794462
68, 103, 0.0557923628575439
68, 104, 0.0556266103937077
68, 105, 0.0554336757737708
68, 106, 0.0552108702857522
68, 107, 0.0549554964502701
68, 108, 0.0546648831824263
68, 109, 0.0543364225043102
68, 110, 0.0539676074558215
68, 111, 0.053556070798567
68, 112, 0.0530996240597664
68, 113, 0.0525962964226134
68, 114, 0.0520443729380794
68, 115, 0.0514424315120442
68, 116, 0.0507893781123019
68, 117, 0.0500844796429651
68, 118, 0.0493273939494683
68, 119, 0.0485181964457345
68, 120, 0.0476574028953627
68, 121, 0.0467459879301738
68, 122, 0.0457853989505084
68, 123, 0.0447775651209007
68, 124, 0.0437249012499992
68, 125, 0.0426303064230579
68, 126, 0.0414971573367008
68, 127, 0.0403292963670323
68, 128, 0.0391310144815428
68, 129, 0.0379070291809811
68, 130, 0.0366624577278891
68, 131, 0.0354027859827643
68, 132, 0.0341338332259047
68, 133, 0.0328617133924258
68, 134, 0.0315927931894276
68, 135, 0.0303336475978368
68, 136, 0.0290910132872598
68, 137, 0.0278717404904802
68, 138, 0.0266827438954635
68, 139, 0.0255309531171801
68, 140, 0.0244232633095717
68, 141, 0.0233664864697954
68, 142, 0.0223673039726319
68, 143, 0.0214322208526486
68, 144, 0.0205675223254136
68, 145, 0.0197792330066493
68, 146, 0.0190730792496686
68, 147, 0.0184544549768149
68, 148, 0.0179283913300032
68, 149, 0.0174995304092406
68, 150, 0.0171721033066397
68, 151, 0.0169499125777503
68, 152, 0.0168363192230252
68, 153, 0.0168342341811405
68, 154, 0.0169461142641822
68, 155, 0.0171739623940271
68, 156, 0.017519331931289
68, 157, 0.0179833348247299
68, 158, 0.0185666532517742
68, 159, 0.0192695543713011
68, 160, 0.0200919077695853
68, 161, 0.0210332051502747
68, 162, 0.0220925818004289
68, 163, 0.0232688393573425
68, 164, 0.0245604694052425
68, 165, 0.0259656774466926
68, 166, 0.027482406819962
68, 167, 0.0291083621697919
68, 168, 0.0308410321235761
68, 169, 0.0326777108764996
68, 170, 0.0346155184459164
68, 171, 0.0366514194154246
68, 172, 0.0387822400508394
68, 173, 0.0410046837317654
68, 174, 0.0433153447019933
68, 175, 0.045710720197836
68, 176, 0.0481872210643954
68, 177, 0.0507411810143376
68, 178, 0.0533688647210923
68, 179, 0.0560664749677342
68, 180, 0.0588301590936133
68, 181, 0.0616560149929545
68, 182, 0.0645400969230185
68, 183, 0.0674784213743262
68, 184, 0.0704669732423167
68, 185, 0.0735017125192335
68, 186, 0.0765785816977817
68, 187, 0.079693514045133
68, 188, 0.082842442868068
68, 189, 0.0860213118486161
68, 190, 0.0892260864855322
68, 191, 0.0924527666315119
68, 192, 0.0956974000703538
68, 193, 0.0989560970334273
68, 194, 0.102225045511928
68, 195, 0.105500527181552
68, 196, 0.108778933720309
68, 197, 0.112056783269221
68, 198, 0.115330736760303
68, 199, 0.118597613817262
68, 200, 0.121854407922281
68, 201, 0.125098300537521
68, 202, 0.128326673872811
68, 203, 0.131537122001587
68, 204, 0.134727460045216
68, 205, 0.137895731171521
68, 206, 0.141040211185654
68, 207, 0.144159410530454
68, 208, 0.147252073557744
68, 209, 0.15031717498109
68, 210, 0.153353913473151
68, 211, 0.156361702425648
68, 212, 0.159340157945983
68, 213, 0.162289084220112
68, 214, 0.165208456425278
68, 215, 0.168098401426907
68, 216, 0.170959176540434
68, 217, 0.173791146679487
68, 218, 0.176594760245813
68, 219, 0.179370524142645
68, 220, 0.182118978311065
68, 221, 0.184840670198005
68, 222, 0.187536129564431
68, 223, 0.190205844033202
68, 224, 0.192850235758206
68, 225, 0.195469639570359
68, 226, 0.198064282922532
68, 227, 0.200634267915598
68, 228, 0.203179555642592
68, 229, 0.205699953038796
68, 230, 0.208195102373812
68, 231, 0.210664473468609
68, 232, 0.213107358667857
68, 233, 0.215522870546435
68, 234, 0.217909942280597
68, 235, 0.220267330569575
68, 236, 0.222593620953578
68, 237, 0.224887235339831
68, 238, 0.227146441520084
68, 239, 0.229369364441249
68, 240, 0.231553998975551
68, 241, 0.233698223927825
68, 242, 0.235799817015038
68, 243, 0.237856470556373
68, 244, 0.239865807620785
68, 245, 0.241825398392019
68, 246, 0.243732776528281
68, 247, 0.2455854553138
68, 248, 0.247380943422207
68, 249, 0.249116760135735
68, 250, 0.250790449889267
68, 251, 0.252399596033372
68, 252, 0.253941833735205
68, 253, 0.255414861959777
68, 254, 0.256816454496361
68, 255, 0.258144470015142
68, 256, 0.259396861157528
68, 257, 0.260571682679467
68, 258, 0.261667098680652
68, 259, 0.262681388963539
68, 260, 0.263612954574656
68, 261, 0.264460322586911
68, 262, 0.265222150185417
68, 263, 0.265897228121146
68, 264, 0.266484483596491
68, 265, 0.266982982644692
68, 266, 0.267391932061584
68, 267, 0.26771068094296
68, 268, 0.267938721874708
68, 269, 0.26807569181559
68, 270, 0.268121372704531
68, 271, 0.268075691815589
68, 272, 0.267938721874708
68, 273, 0.26771068094296
68, 274, 0.267391932061584
68, 275, 0.266982982644693
68, 276, 0.266484483596491
68, 277, 0.265897228121145
68, 278, 0.265222150185415
68, 279, 0.264460322586912
68, 280, 0.263612954574655
68, 281, 0.262681388963538
68, 282, 0.261667098680651
68, 283, 0.260571682679467
68, 284, 0.259396861157528
68, 285, 0.258144470015142
68, 286, 0.256816454496361
68, 287, 0.255414861959776
68, 288, 0.253941833735204
68, 289, 0.252399596033371
68, 290, 0.250790449889268
68, 291, 0.249116760135735
68, 292, 0.247380943422207
68, 293, 0.2455854553138
68, 294, 0.243732776528281
68, 295, 0.241825398392019
68, 296, 0.239865807620783
68, 297, 0.237856470556374
68, 298, 0.235799817015038
68, 299, 0.233698223927825
68, 300, 0.231553998975551
68, 301, 0.229369364441248
68, 302, 0.227146441520084
68, 303, 0.22488723533983
68, 304, 0.222593620953579
68, 305, 0.220267330569575
68, 306, 0.217909942280597
68, 307, 0.215522870546437
68, 308, 0.213107358667858
68, 309, 0.210664473468608
68, 310, 0.208195102373811
68, 311, 0.205699953038798
68, 312, 0.203179555642591
68, 313, 0.200634267915598
68, 314, 0.198064282922531
68, 315, 0.195469639570359
68, 316, 0.192850235758205
68, 317, 0.190205844033202
68, 318, 0.187536129564432
68, 319, 0.184840670198005
68, 320, 0.182118978311065
68, 321, 0.179370524142645
68, 322, 0.176594760245813
68, 323, 0.173791146679486
68, 324, 0.170959176540435
68, 325, 0.168098401426908
68, 326, 0.165208456425279
68, 327, 0.162289084220113
68, 328, 0.159340157945984
68, 329, 0.156361702425649
68, 330, 0.153353913473151
68, 331, 0.150317174981091
68, 332, 0.147252073557745
68, 333, 0.144159410530455
68, 334, 0.141040211185654
68, 335, 0.137895731171521
68, 336, 0.134727460045216
68, 337, 0.131537122001587
68, 338, 0.128326673872813
68, 339, 0.125098300537521
68, 340, 0.121854407922281
68, 341, 0.118597613817262
68, 342, 0.115330736760303
68, 343, 0.112056783269221
68, 344, 0.108778933720309
68, 345, 0.105500527181552
68, 346, 0.102225045511928
68, 347, 0.0989560970334276
68, 348, 0.0956974000703542
68, 349, 0.0924527666315121
68, 350, 0.0892260864855321
68, 351, 0.0860213118486164
68, 352, 0.0828424428680679
68, 353, 0.0796935140451331
68, 354, 0.0765785816977817
68, 355, 0.0735017125192339
68, 356, 0.0704669732423168
68, 357, 0.0674784213743261
68, 358, 0.0645400969230183
68, 359, 0.0616560149929547
68, 360, 0.0588301590936133
69, 0, 0.0564646473878323
69, 1, 0.0538060369894486
69, 2, 0.0512134859576221
69, 3, 0.0486907666903838
69, 4, 0.0462415878796678
69, 5, 0.0438695884397711
69, 6, 0.041578330837253
69, 7, 0.0393712935680548
69, 8, 0.0372518625478557
69, 9, 0.0352233212107989
69, 10, 0.0332888391491876
69, 11, 0.0314514591718387
69, 12, 0.0297140827104462
69, 13, 0.0280794535602494
69, 14, 0.0265501400020576
69, 15, 0.0251285154155473
69, 16, 0.0238167375568785
69, 17, 0.0226167267351916
69, 18, 0.0215301431804953
69, 19, 0.020558363947961
69, 20, 0.0197024597489378
69, 21, 0.0189631721355494
69, 22, 0.0183408914921733
69, 23, 0.0178356363024871
69, 24, 0.0174470341644366
69, 25, 0.0171743050171887
69, 26, 0.017016247024073
69, 27, 0.0169712255242081
69, 28, 0.0170371654239305
69, 29, 0.0172115473485165
69, 30, 0.017491407816577
69, 31, 0.0178733436356056
69, 32, 0.0183535206492977
69, 33, 0.0189276868973073
69, 34, 0.0195911901778001
69, 35, 0.0203389999341708
69, 36, 0.0211657333210147
69, 37, 0.0220656852420513
69, 38, 0.0230328620950765
69, 39, 0.0240610189067371
69, 40, 0.0251436994933315
69, 41, 0.0262742792429964
69, 42, 0.0274460100794784
69, 43, 0.0286520671379972
69, 44, 0.0298855966592499
69, 45, 0.0311397645881576
69, 46, 0.0324078053494309
69, 47, 0.0336830702623714
69, 48, 0.0349590750527821
69, 49, 0.0362295459206949
69, 50, 0.0374884636293558
69, 51, 0.0387301050940951
69, 52, 0.0399490819699722
69, 53, 0.041140375765027
69, 54, 0.042299369042022
69, 55, 0.0434218723160592
69, 56, 0.0445041463083439
69, 57, 0.0455429192774085
69, 58, 0.0465353992175246
69, 59, 0.0474792807888584
69, 60, 0.0483727469236356
69, 61, 0.0492144651355132
69, 62, 0.0500035786433508
69, 63, 0.0507396925035529
69, 64, 0.0514228550246977
69, 65, 0.0520535348120549
69, 66, 0.0526325938556523
69, 67, 0.0531612571318386
69, 68, 0.0536410792332573
69, 69, 0.0540739085745453
69, 70, 0.0544618497402007
69, 71, 0.0548072245466807
69, 72, 0.0551125323831122
69, 73, 0.0553804103748039
69, 74, 0.0556135938821439
69, 75, 0.0558148778060339
69, 76, 0.055987079121666
69, 77, 0.0561330010070391
69, 78, 0.0562553988736934
69, 79, 0.0563569485465625
69, 80, 0.0564402167801021
69, 81, 0.0565076342407342
69, 82, 0.0565614710331856
69, 83, 0.0566038148018426
69, 84, 0.0566365513991412
69, 85, 0.0566613480821071
69, 86, 0.0566796391757832
69, 87, 0.0566926141287412
69, 88, 0.0567012078807343
69, 89, 0.0567060934651804
69, 90, 0.0567076767787177
69, 91, 0.0567060934651802
69, 92, 0.056701207880734
69, 93, 0.0566926141287405
69, 94, 0.0566796391757835
69, 95, 0.0566613480821073
69, 96, 0.0566365513991414
69, 97, 0.0566038148018431
69, 98, 0.0565614710331869
69, 99, 0.0565076342407336
69, 100, 0.056440216780102
69, 101, 0.0563569485465624
69, 102, 0.0562553988736936
69, 103, 0.0561330010070394
69, 104, 0.0559870791216663
69, 105, 0.0558148778060335
69, 106, 0.0556135938821433
69, 107, 0.0553804103748045
69, 108, 0.0551125323831121
69, 109, 0.054807224546681
69, 110, 0.0544618497402006
69, 111, 0.0540739085745453
69, 112, 0.053641079233257
69, 113, 0.0531612571318381
69, 114, 0.0526325938556528
69, 115, 0.0520535348120556
69, 116, 0.0514228550246978
69, 117, 0.0507396925035531
69, 118, 0.0500035786433509
69, 119, 0.0492144651355131
69, 120, 0.0483727469236357
69, 121, 0.0474792807888586
69, 122, 0.0465353992175251
69, 123, 0.0455429192774088
69, 124, 0.0445041463083436
69, 125, 0.0434218723160593
69, 126, 0.0422993690420222
69, 127, 0.0411403757650269
69, 128, 0.0399490819699722
69, 129, 0.038730105094095
69, 130, 0.037488463629356
69, 131, 0.036229545920695
69, 132, 0.0349590750527821
69, 133, 0.0336830702623713
69, 134, 0.0324078053494313
69, 135, 0.0311397645881578
69, 136, 0.0298855966592499
69, 137, 0.0286520671379973
69, 138, 0.0274460100794781
69, 139, 0.0262742792429962
69, 140, 0.0251436994933315
69, 141, 0.0240610189067369
69, 142, 0.0230328620950765
69, 143, 0.0220656852420514
69, 144, 0.0211657333210148
69, 145, 0.0203389999341711
69, 146, 0.0195911901778002
69, 147, 0.0189276868973073
69, 148, 0.0183535206492976
69, 149, 0.0178733436356057
69, 150, 0.017491407816577
69, 151, 0.0172115473485163
69, 152, 0.0170371654239304
69, 153, 0.0169712255242082
69, 154, 0.0170162470240731
69, 155, 0.0171743050171887
69, 156, 0.0174470341644367
69, 157, 0.0178356363024874
69, 158, 0.0183408914921732
69, 159, 0.0189631721355493
69, 160, 0.0197024597489378
69, 161, 0.0205583639479612
69, 162, 0.0215301431804955
69, 163, 0.0226167267351914
69, 164, 0.0238167375568784
69, 165, 0.0251285154155476
69, 166, 0.0265501400020578
69, 167, 0.0280794535602497
69, 168, 0.0297140827104463
69, 169, 0.0314514591718385
69, 170, 0.0332888391491876
69, 171, 0.0352233212107991
69, 172, 0.0372518625478555
69, 173, 0.0393712935680548
69, 174, 0.0415783308372532
69, 175, 0.0438695884397709
69, 176, 0.0462415878796677
69, 177, 0.0486907666903839
69, 178, 0.0512134859576218
69, 179, 0.0538060369894486
69, 180, 0.0564646473878321
69, 181, 0.0591854867869978
69, 182, 0.0619646725260177
69, 183, 0.0647982755163459
69, 184, 0.067682326549885
69, 185, 0.0706128232704169
69, 186, 0.0735857380015648
69, 187, 0.0765970265889074
69, 188, 0.079642638373411
69, 189, 0.0827185273691688
69, 190, 0.0858206646716876
69, 191, 0.0889450520748198
69, 192, 0.0920877368261502
69, 193, 0.0952448274033387
69, 194, 0.0984125101488106
69, 195, 0.101587066558271
69, 196, 0.104764890980947
69, 197, 0.107942508457025
69, 198, 0.111116592391449
69, 199, 0.11428398174364
69, 200, 0.117441697400496
69, 201, 0.120586957395632
69, 202, 0.123717190641542
69, 203, 0.126830048853243
69, 204, 0.129923416362059
69, 205, 0.132995417546207
69, 206, 0.136044421640247
69, 207, 0.139069044727752
69, 208, 0.142068148769844
69, 209, 0.145040837575478
69, 210, 0.147986449676499
69, 211, 0.150904548130124
69, 212, 0.153794907332304
69, 213, 0.156657496985798
69, 214, 0.159492463425373
69, 215, 0.162300108557725
69, 216, 0.165080866724
69, 217, 0.167835279837002
69, 218, 0.170563971181934
69, 219, 0.173267618297918
69, 220, 0.175946925376701
69, 221, 0.178602595624539
69, 222, 0.181235304032709
69, 223, 0.183845670991778
69, 224, 0.186434237164806
69, 225, 0.189001440005604
69, 226, 0.191547592271239
69, 227, 0.194072862833729
69, 228, 0.196577260046124
69, 229, 0.199060617863878
69, 230, 0.201522584865565
69, 231, 0.203962616258611
69, 232, 0.20637996889788
69, 233, 0.208773699288721
69, 234, 0.211142664493074
69, 235, 0.213485525808484
69, 236, 0.215800755046632
69, 237, 0.218086643200736
69, 238, 0.220341311260894
69, 239, 0.222562722913073
69, 240, 0.224748698841486
69, 241, 0.226896932345169
69, 242, 0.229005005977506
69, 243, 0.231070408921799
69, 244, 0.233090554826039
69, 245, 0.235062799835125
69, 246, 0.236984460578127
69, 247, 0.238852831890895
69, 248, 0.240665204079433
69, 249, 0.242418879556406
69, 250, 0.244111188710708
69, 251, 0.245739504897845
69, 252, 0.247301258465959
69, 253, 0.248793949758317
69, 254, 0.250215161057328
69, 255, 0.251562567457347
69, 256, 0.25283394667333
69, 257, 0.254027187809618
69, 258, 0.255140299127685
69, 259, 0.256171414863461
69, 260, 0.257118801153886
69, 261, 0.257980861138872
69, 262, 0.258756139308729
69, 263, 0.259443325168762
69, 264, 0.260041256292254
69, 265, 0.260548920830511
69, 266, 0.260965459544542
69, 267, 0.261290167417247
69, 268, 0.261522494898011
69, 269, 0.261662048823619
69, 270, 0.261708593050474
69, 271, 0.261662048823619
69, 272, 0.261522494898011
69, 273, 0.261290167417246
69, 274, 0.260965459544541
69, 275, 0.26054892083051
69, 276, 0.260041256292253
69, 277, 0.259443325168762
69, 278, 0.258756139308727
69, 279, 0.257980861138873
69, 280, 0.257118801153886
69, 281, 0.256171414863461
69, 282, 0.255140299127685
69, 283, 0.254027187809617
69, 284, 0.252833946673331
69, 285, 0.251562567457348
69, 286, 0.250215161057329
69, 287, 0.248793949758318
69, 288, 0.24730125846596
69, 289, 0.245739504897847
69, 290, 0.244111188710708
69, 291, 0.242418879556406
69, 292, 0.240665204079433
69, 293, 0.238852831890895
69, 294, 0.236984460578127
69, 295, 0.235062799835124
69, 296, 0.23309055482604
69, 297, 0.231070408921799
69, 298, 0.229005005977505
69, 299, 0.22689693234517
69, 300, 0.224748698841487
69, 301, 0.222562722913072
69, 302, 0.220341311260894
69, 303, 0.218086643200737
69, 304, 0.215800755046631
69, 305, 0.213485525808484
69, 306, 0.211142664493073
69, 307, 0.208773699288722
69, 308, 0.206379968897879
69, 309, 0.203962616258611
69, 310, 0.201522584865566
69, 311, 0.199060617863877
69, 312, 0.196577260046123
69, 313, 0.19407286283373
69, 314, 0.191547592271238
69, 315, 0.189001440005605
69, 316, 0.186434237164806
69, 317, 0.183845670991778
69, 318, 0.181235304032707
69, 319, 0.178602595624539
69, 320, 0.175946925376701
69, 321, 0.173267618297918
69, 322, 0.170563971181934
69, 323, 0.167835279837002
69, 324, 0.165080866724001
69, 325, 0.162300108557726
69, 326, 0.159492463425373
69, 327, 0.156657496985798
69, 328, 0.153794907332306
69, 329, 0.150904548130125
69, 330, 0.147986449676499
69, 331, 0.145040837575479
69, 332, 0.142068148769845
69, 333, 0.139069044727752
69, 334, 0.136044421640247
69, 335, 0.132995417546208
69, 336, 0.129923416362058
69, 337, 0.126830048853243
69, 338, 0.123717190641542
69, 339, 0.120586957395633
69, 340, 0.117441697400496
69, 341, 0.114283981743642
69, 342, 0.111116592391449
69, 343, 0.107942508457025
69, 344, 0.104764890980947
69, 345, 0.101587066558272
69, 346, 0.0984125101488106
69, 347, 0.0952448274033386
69, 348, 0.0920877368261501
69, 349, 0.0889450520748202
69, 350, 0.0858206646716882
69, 351, 0.0827185273691689
69, 352, 0.0796426383734111
69, 353, 0.0765970265889075
69, 354, 0.0735857380015645
69, 355, 0.0706128232704166
69, 356, 0.0676823265498847
69, 357, 0.064798275516346
69, 358, 0.0619646725260179
69, 359, 0.059185486786998
69, 360, 0.0564646473878323
70, 0, 0.0540774433656205
70, 1, 0.05152691376462
70, 2, 0.0490421306219271
70, 3, 0.0466267819996053
70, 4, 0.0442844840189652
70, 5, 0.042018775138437
70, 6, 0.0398331099431829
70, 7, 0.0377308521815131
70, 8, 0.0357152668027641
70, 9, 0.0337895107800737
70, 10, 0.0319566225389757
70, 11, 0.0302195098581315
70, 12, 0.0285809361607666
70, 13, 0.0270435051731264
70, 14, 0.0256096439879986
70, 15, 0.024281584635244
70, 16, 0.0230613443254833
70, 17, 0.02195070459558
70, 18, 0.0209511896433318
70, 19, 0.0200640441918876
70, 20, 0.0192902112700289
70, 21, 0.018630310330953
70, 22, 0.018084616158287
70, 23, 0.0176530390227047
70, 24, 0.0173351065551661
70, 25, 0.0171299477932308
70, 26, 0.0170362798354027
70, 27, 0.0170523975057077
70, 28, 0.0171761663877584
70, 29, 0.0174050195358523
70, 30, 0.0177359581118403
70, 31, 0.018165556132456
70, 32, 0.0186899694444896
70, 33, 0.0193049489765039
70, 34, 0.0200058582476002
70, 35, 0.0207876950476609
70, 36, 0.0216451171408691
70, 37, 0.0225724717862281
70, 38, 0.0235638288159298
70, 39, 0.0246130169652008
70, 40, 0.0257136631056746
70, 41, 0.0268592339982927
70, 42, 0.028043080150812
70, 43, 0.0292584813387288
70, 44, 0.0304986933263848
70, 45, 0.0317569953067364
70, 46, 0.0330267375635736
70, 47, 0.0343013888487514
70, 48, 0.035574582959511
70, 49, 0.0368401639976124
70, 50, 0.0380922297934665
70, 51, 0.0393251729855596
70, 52, 0.0405337192591132
70, 53, 0.0417129622690542
70, 54, 0.0428583948018123
70, 55, 0.0439659357687748
70, 56, 0.0450319526718033
70, 57, 0.0460532792379098
70, 58, 0.0470272279856207
70, 59, 0.0479515975586348
70, 60, 0.0488246747418895
70, 61, 0.0496452311591355
70, 62, 0.0504125147375441
70, 63, 0.0511262361112755
70, 64, 0.0517865502198727
70, 65, 0.052394033436126
70, 66, 0.0529496566294405
70, 67, 0.0534547546323241
70, 68, 0.0539109926276857
70, 69, 0.0543203300117027
70, 70, 0.0546849823101046
70, 71, 0.0550073817345203
70, 72, 0.0552901369601565
70, 73, 0.0555359926871292
70, 74, 0.055747789516578
70, 75, 0.0559284246307315
70, 76, 0.0560808137153761
70, 77, 0.0562078545058598
70, 78, 0.0563123922762828
70, 79, 0.0563971875281605
70, 80, 0.0564648860720568
70, 81, 0.056517991635616
70, 82, 0.0565588410760458
70, 83, 0.056589582226157
70, 84, 0.0566121543617628
70, 85, 0.0566282712456795
70, 86, 0.0566394066801057
70, 87, 0.0566467824850392
70, 88, 0.0566513588152731
70, 89, 0.0566538267316846
70, 90, 0.0566546029531227
70, 91, 0.0566538267316848
70, 92, 0.0566513588152729
70, 93, 0.0566467824850393
70, 94, 0.0566394066801058
70, 95, 0.0566282712456795
70, 96, 0.0566121543617622
70, 97, 0.0565895822261571
70, 98, 0.0565588410760463
70, 99, 0.0565179916356163
70, 100, 0.0564648860720569
70, 101, 0.0563971875281607
70, 102, 0.0563123922762828
70, 103, 0.05620785450586
70, 104, 0.0560808137153762
70, 105, 0.0559284246307315
70, 106, 0.0557477895165781
70, 107, 0.0555359926871294
70, 108, 0.0552901369601572
70, 109, 0.0550073817345195
70, 110, 0.0546849823101041
70, 111, 0.0543203300117027
70, 112, 0.0539109926276858
70, 113, 0.0534547546323234
70, 114, 0.0529496566294408
70, 115, 0.0523940334361263
70, 116, 0.0517865502198729
70, 117, 0.051126236111276
70, 118, 0.0504125147375437
70, 119, 0.0496452311591357
70, 120, 0.0488246747418892
70, 121, 0.0479515975586346
70, 122, 0.047027227985621
70, 123, 0.0460532792379097
70, 124, 0.0450319526718029
70, 125, 0.0439659357687751
70, 126, 0.0428583948018119
70, 127, 0.041712962269054
70, 128, 0.0405337192591132
70, 129, 0.0393251729855594
70, 130, 0.0380922297934664
70, 131, 0.0368401639976128
70, 132, 0.0355745829595115
70, 133, 0.0343013888487514
70, 134, 0.0330267375635736
70, 135, 0.0317569953067361
70, 136, 0.0304986933263847
70, 137, 0.0292584813387289
70, 138, 0.0280430801508116
70, 139, 0.0268592339982924
70, 140, 0.0257136631056744
70, 141, 0.0246130169652007
70, 142, 0.0235638288159295
70, 143, 0.022572471786228
70, 144, 0.0216451171408691
70, 145, 0.0207876950476606
70, 146, 0.0200058582476003
70, 147, 0.0193049489765039
70, 148, 0.0186899694444896
70, 149, 0.0181655561324558
70, 150, 0.0177359581118403
70, 151, 0.0174050195358525
70, 152, 0.0171761663877581
70, 153, 0.0170523975057074
70, 154, 0.0170362798354023
70, 155, 0.0171299477932307
70, 156, 0.0173351065551661
70, 157, 0.0176530390227045
70, 158, 0.018084616158287
70, 159, 0.018630310330953
70, 160, 0.0192902112700289
70, 161, 0.0200640441918877
70, 162, 0.0209511896433319
70, 163, 0.0219507045955802
70, 164, 0.0230613443254831
70, 165, 0.024281584635244
70, 166, 0.0256096439879987
70, 167, 0.0270435051731265
70, 168, 0.0285809361607664
70, 169, 0.0302195098581317
70, 170, 0.0319566225389756
70, 171, 0.0337895107800737
70, 172, 0.0357152668027639
70, 173, 0.0377308521815132
70, 174, 0.0398331099431831
70, 175, 0.0420187751384374
70, 176, 0.0442844840189654
70, 177, 0.0466267819996054
70, 178, 0.0490421306219269
70, 179, 0.0515269137646198
70, 180, 0.0540774433656204
70, 181, 0.0566899649310481
70, 182, 0.0593606631067823
70, 183, 0.0620856675801403
70, 184, 0.0648610595621591
70, 185, 0.0676828790760826
70, 186, 0.0705471332457293
70, 187, 0.0734498057394091
70, 188, 0.0763868674820846
70, 189, 0.0793542887017318
70, 190, 0.0823480523264891
70, 191, 0.0853641686985491
70, 192, 0.088398691519995
70, 193, 0.0914477348961639
70, 194, 0.0945074912948835
70, 195, 0.0975742501961359
70, 196, 0.100644417167448
70, 197, 0.103714533066606
70, 198, 0.106781293045972
70, 199, 0.109841565012539
70, 200, 0.112892407185508
70, 201, 0.115931084389103
70, 202, 0.11895508272286
70, 203, 0.121962122264896
70, 204, 0.124950167485553
70, 205, 0.127917435079277
70, 206, 0.130862398960831
70, 207, 0.13378379221766
70, 208, 0.136680605862331
70, 209, 0.139552084286394
70, 210, 0.142397717378704
70, 211, 0.145217229335536
70, 212, 0.148010564255501
70, 213, 0.150777868677446
70, 214, 0.153519471282784
70, 215, 0.156235860043269
70, 216, 0.158927657149596
70, 217, 0.161595592103878
70, 218, 0.164240473398647
70, 219, 0.166863159235675
70, 220, 0.16946452775833
70, 221, 0.172045447281247
70, 222, 0.17460674700021
70, 223, 0.177149188653467
70, 224, 0.179673439583551
70, 225, 0.1821800476168
70, 226, 0.184669418136979
70, 227, 0.187141793680993
70, 228, 0.189597236330067
70, 229, 0.192035613110437
70, 230, 0.194456584555292
70, 231, 0.196859596516104
70, 232, 0.199243875248307
70, 233, 0.201608425735077
70, 234, 0.203952033155352
70, 235, 0.206273267349418
70, 236, 0.208570490088494
70, 237, 0.21084186491477
70, 238, 0.213085369285807
70, 239, 0.215298808732412
70, 240, 0.217479832722414
70, 241, 0.21962595191374
70, 242, 0.221734556478738
70, 243, 0.223802935187149
70, 244, 0.225828294946845
70, 245, 0.227807780518595
70, 246, 0.229738494142797
70, 247, 0.231617514841415
70, 248, 0.233441917186234
70, 249, 0.235208789354196
70, 250, 0.236915250320959
70, 251, 0.238558466074219
70, 252, 0.240135664757978
70, 253, 0.241644150687192
70, 254, 0.243081317198539
70, 255, 0.244444658327061
70, 256, 0.245731779319799
70, 257, 0.246940406015945
70, 258, 0.248068393138657
70, 259, 0.249113731556097
70, 260, 0.250074554578875
70, 261, 0.250949143367721
70, 262, 0.251735931529223
70, 263, 0.252433508978946
70, 264, 0.253040625150351
70, 265, 0.253556191625134
70, 266, 0.253979284255721
70, 267, 0.254309144844434
70, 268, 0.25454518243609
70, 269, 0.254686974271941
70, 270, 0.254734266443209
70, 271, 0.254686974271941
70, 272, 0.254545182436089
70, 273, 0.254309144844434
70, 274, 0.253979284255721
70, 275, 0.253556191625134
70, 276, 0.253040625150351
70, 277, 0.252433508978946
70, 278, 0.251735931529225
70, 279, 0.25094914336772
70, 280, 0.250074554578876
70, 281, 0.249113731556098
70, 282, 0.248068393138658
70, 283, 0.246940406015945
70, 284, 0.245731779319799
70, 285, 0.24444465832706
70, 286, 0.243081317198539
70, 287, 0.241644150687193
70, 288, 0.240135664757979
70, 289, 0.238558466074219
70, 290, 0.236915250320959
70, 291, 0.235208789354197
70, 292, 0.233441917186233
70, 293, 0.231617514841415
70, 294, 0.229738494142796
70, 295, 0.227807780518595
70, 296, 0.225828294946845
70, 297, 0.223802935187149
70, 298, 0.221734556478738
70, 299, 0.21962595191374
70, 300, 0.217479832722414
70, 301, 0.215298808732412
70, 302, 0.213085369285808
70, 303, 0.210841864914771
70, 304, 0.208570490088494
70, 305, 0.206273267349419
70, 306, 0.203952033155352
70, 307, 0.201608425735076
70, 308, 0.199243875248308
70, 309, 0.196859596516104
70, 310, 0.194456584555291
70, 311, 0.192035613110437
70, 312, 0.189597236330066
70, 313, 0.187141793680993
70, 314, 0.184669418136978
70, 315, 0.1821800476168
70, 316, 0.17967343958355
70, 317, 0.177149188653467
70, 318, 0.17460674700021
70, 319, 0.172045447281246
70, 320, 0.169464527758331
70, 321, 0.166863159235675
70, 322, 0.164240473398646
70, 323, 0.161595592103877
70, 324, 0.158927657149598
70, 325, 0.156235860043268
70, 326, 0.153519471282784
70, 327, 0.150777868677447
70, 328, 0.148010564255501
70, 329, 0.145217229335536
70, 330, 0.142397717378703
70, 331, 0.139552084286395
70, 332, 0.136680605862331
70, 333, 0.13378379221766
70, 334, 0.130862398960831
70, 335, 0.127917435079277
70, 336, 0.124950167485552
70, 337, 0.121962122264896
70, 338, 0.118955082722861
70, 339, 0.115931084389103
70, 340, 0.112892407185507
70, 341, 0.109841565012539
70, 342, 0.106781293045973
70, 343, 0.103714533066607
70, 344, 0.100644417167449
70, 345, 0.0975742501961361
70, 346, 0.0945074912948834
70, 347, 0.0914477348961636
70, 348, 0.0883986915199952
70, 349, 0.085364168698549
70, 350, 0.0823480523264885
70, 351, 0.0793542887017324
70, 352, 0.0763868674820852
70, 353, 0.073449805739409
70, 354, 0.0705471332457297
70, 355, 0.0676828790760825
70, 356, 0.0648610595621587
70, 357, 0.0620856675801404
70, 358, 0.0593606631067825
70, 359, 0.0566899649310485
70, 360, 0.0540774433656206
71, 0, 0.0516620204819679
71, 1, 0.0492226580163214
71, 2, 0.0468484065883051
71, 3, 0.0445428651849044
71, 4, 0.0423095527855396
71, 5, 0.040151902961086
71, 6, 0.038073258100107
71, 7, 0.0360768629883586
71, 8, 0.0341658574864766
71, 9, 0.0323432680791347
71, 10, 0.0306119981063101
71, 11, 0.0289748165328229
71, 12, 0.0274343451649086
71, 13, 0.0259930442808918
71, 14, 0.0246531967053917
71, 15, 0.0234168904211209
71, 16, 0.0222859998772098
71, 17, 0.0212621662160758
71, 18, 0.0203467767000399
71, 19, 0.0195409436721661
71, 20, 0.0188454834312903
71, 21, 0.0182608954372585
71, 22, 0.0177873422876879
71, 23, 0.0174246309210994
71, 24, 0.0171721955025276
71, 25, 0.0170290824365826
71, 26, 0.016993937929768
71, 27, 0.0170649984895068
71, 28, 0.0172400847029629
71, 29, 0.0175165985860083
71, 30, 0.0178915247333537
71, 31, 0.0183614354369978
71, 32, 0.0189224998738093
71, 33, 0.0195704973962573
71, 34, 0.0203008348949274
71, 35, 0.021108568139128
71, 36, 0.0219884269438672
71, 37, 0.0229348439587175
71, 38, 0.0239419868270589
71, 39, 0.0250037934230788
71, 40, 0.0261140098384311
71, 41, 0.0272662307601842
71, 42, 0.0284539418558888
71, 43, 0.029670563759521
71, 44, 0.0309094972329611
71, 45, 0.0321641690609437
71, 46, 0.0334280782226621
71, 47, 0.0346948418703395
71, 48, 0.0359582406343067
71, 49, 0.0372122627660305
71, 50, 0.0384511466259671
71, 51, 0.0396694210231885
71, 52, 0.0408619429196974
71, 53, 0.042023932025514
71, 54, 0.0431510018321771
71, 55, 0.0442391866632609
71, 56, 0.0452849643615331
71, 57, 0.0462852742836944
71, 58, 0.0472375303350081
71, 59, 0.0481396288467381
71, 60, 0.0489899511778453
71, 61, 0.0497873610070242
71, 62, 0.0505311963696475
71, 63, 0.0512212565839323
71, 64, 0.0518577842989241
71, 65, 0.0524414429808436
71, 66, 0.052973290231248
71, 67, 0.0534547473978264
71, 68, 0.0538875659942476
71, 69, 0.0542737914877538
71, 70, 0.0546157250408009
71, 71, 0.0549158838056042
71, 72, 0.0551769603678311
71, 73, 0.0554017819186381
71, 74, 0.0555932697038427
71, 75, 0.0557543992570108
71, 76, 0.0558881618715435
71, 77, 0.0559975277079458
71, 78, 0.0560854108686682
71, 79, 0.0561546367070204
71, 80, 0.0562079115709785
71, 81, 0.0562477951197694
71, 82, 0.0562766752929877
71, 83, 0.0562967459604852
71, 84, 0.0563099872378725
71, 85, 0.0563181484181513
71, 86, 0.0563227334453978
71, 87, 0.0563249888416164
71, 88, 0.056325893992686
71, 89, 0.056326153702911
71, 90, 0.0563261929391025
71, 91, 0.0563261537029112
71, 92, 0.0563258939926858
71, 93, 0.0563249888416164
71, 94, 0.0563227334453978
71, 95, 0.0563181484181515
71, 96, 0.0563099872378724
71, 97, 0.0562967459604855
71, 98, 0.0562766752929875
71, 99, 0.0562477951197696
71, 100, 0.0562079115709784
71, 101, 0.0561546367070202
71, 102, 0.0560854108686683
71, 103, 0.0559975277079458
71, 104, 0.0558881618715436
71, 105, 0.0557543992570106
71, 106, 0.055593269703843
71, 107, 0.0554017819186379
71, 108, 0.0551769603678311
71, 109, 0.0549158838056042
71, 110, 0.0546157250408009
71, 111, 0.0542737914877539
71, 112, 0.0538875659942475
71, 113, 0.053454747397826
71, 114, 0.052973290231248
71, 115, 0.0524414429808431
71, 116, 0.0518577842989243
71, 117, 0.0512212565839321
71, 118, 0.0505311963696474
71, 119, 0.0497873610070241
71, 120, 0.0489899511778456
71, 121, 0.0481396288467381
71, 122, 0.047237530335008
71, 123, 0.0462852742836943
71, 124, 0.0452849643615331
71, 125, 0.0442391866632613
71, 126, 0.0431510018321772
71, 127, 0.0420239320255138
71, 128, 0.0408619429196972
71, 129, 0.0396694210231884
71, 130, 0.0384511466259672
71, 131, 0.0372122627660305
71, 132, 0.0359582406343066
71, 133, 0.0346948418703395
71, 134, 0.0334280782226622
71, 135, 0.0321641690609435
71, 136, 0.0309094972329612
71, 137, 0.0296705637595211
71, 138, 0.028453941855889
71, 139, 0.0272662307601842
71, 140, 0.026114009838431
71, 141, 0.0250037934230788
71, 142, 0.0239419868270589
71, 143, 0.0229348439587175
71, 144, 0.0219884269438674
71, 145, 0.021108568139128
71, 146, 0.0203008348949275
71, 147, 0.0195704973962571
71, 148, 0.0189224998738092
71, 149, 0.0183614354369977
71, 150, 0.0178915247333537
71, 151, 0.0175165985860082
71, 152, 0.0172400847029627
71, 153, 0.0170649984895068
71, 154, 0.016993937929768
71, 155, 0.0170290824365824
71, 156, 0.0171721955025275
71, 157, 0.0174246309210993
71, 158, 0.017787342287688
71, 159, 0.0182608954372584
71, 160, 0.0188454834312901
71, 161, 0.0195409436721662
71, 162, 0.0203467767000398
71, 163, 0.0212621662160757
71, 164, 0.0222859998772096
71, 165, 0.0234168904211207
71, 166, 0.0246531967053917
71, 167, 0.0259930442808921
71, 168, 0.0274343451649087
71, 169, 0.0289748165328229
71, 170, 0.03061199810631
71, 171, 0.0323432680791345
71, 172, 0.0341658574864766
71, 173, 0.0360768629883587
71, 174, 0.038073258100107
71, 175, 0.0401519029610859
71, 176, 0.0423095527855396
71, 177, 0.0445428651849042
71, 178, 0.046848406588305
71, 179, 0.0492226580163218
71, 180, 0.0516620204819675
71, 181, 0.0541628203019782
71, 182, 0.0567213146009612
71, 183, 0.0593336972810645
71, 184, 0.0619961057110715
71, 185, 0.0647046283619697
71, 186, 0.0674553135819913
71, 187, 0.0702441796638441
71, 188, 0.0730672263115814
71, 189, 0.0759204475654248
71, 190, 0.0787998461911356
71, 191, 0.081701449487575
71, 192, 0.0846213264130831
71, 193, 0.0875556058795901
71, 194, 0.0905004960141726
71, 195, 0.0934523041421998
71, 196, 0.0964074572054934
71, 197, 0.0993625222939525
71, 198, 0.102314226940897
71, 199, 0.105259478811699
71, 200, 0.108195384402796
71, 201, 0.111119266364395
71, 202, 0.114028679065501
71, 203, 0.11692142203442
71, 204, 0.119795550931608
71, 205, 0.122649385744376
71, 206, 0.125481515934159
71, 207, 0.128290802315939
71, 208, 0.131076375505249
71, 209, 0.133837630829787
71, 210, 0.13657421966869
71, 211, 0.139286037251538
71, 212, 0.141973207019526
71, 213, 0.144636061721239
71, 214, 0.147275121483353
71, 215, 0.149891069160559
71, 216, 0.152484723327372
71, 217, 0.155057009325677
71, 218, 0.157608928824389
71, 219, 0.160141528380307
71, 220, 0.162655867511141
71, 221, 0.16515298680218
71, 222, 0.167633876566781
71, 223, 0.170099446567919
71, 224, 0.172550497283704
71, 225, 0.17498769316491
71, 226, 0.177411538288044
71, 227, 0.179822354754786
71, 228, 0.182220264129134
71, 229, 0.18460517213912
71, 230, 0.186976756802311
71, 231, 0.189334460065233
71, 232, 0.191677482978492
71, 233, 0.194004784363049
71, 234, 0.19631508286094
71, 235, 0.198606862206709
71, 236, 0.200878379505555
71, 237, 0.203127676261233
71, 238, 0.205352591862128
71, 239, 0.207550779207786
71, 240, 0.209719722140675
71, 241, 0.211856754339076
71, 242, 0.2139590793261
71, 243, 0.216023791256546
71, 244, 0.218047896156735
71, 245, 0.220028333311704
71, 246, 0.221961996518268
71, 247, 0.22384575495036
71, 248, 0.22567647341378
71, 249, 0.227451031799853
71, 250, 0.229166343580698
71, 251, 0.230819373221864
71, 252, 0.232407152420254
71, 253, 0.233926795105715
71, 254, 0.235375511173171
71, 255, 0.236750618937854
71, 256, 0.238049556329057
71, 257, 0.239269890857601
71, 258, 0.240409328408584
71, 259, 0.241465720924233
71, 260, 0.24243707305165
71, 261, 0.24332154783712
71, 262, 0.244117471552671
71, 263, 0.244823337741825
71, 264, 0.245437810570346
71, 265, 0.245959727564378
71, 266, 0.246388101813029
71, 267, 0.246722123705489
71, 268, 0.246961162264244
71, 269, 0.247104766126387
71, 270, 0.247152664214389
71, 271, 0.247104766126387
71, 272, 0.246961162264243
71, 273, 0.246722123705489
71, 274, 0.246388101813028
71, 275, 0.245959727564377
71, 276, 0.245437810570346
71, 277, 0.244823337741824
71, 278, 0.244117471552671
71, 279, 0.243321547837122
71, 280, 0.24243707305165
71, 281, 0.241465720924233
71, 282, 0.240409328408584
71, 283, 0.239269890857602
71, 284, 0.238049556329058
71, 285, 0.236750618937854
71, 286, 0.235375511173171
71, 287, 0.233926795105714
71, 288, 0.232407152420254
71, 289, 0.230819373221865
71, 290, 0.229166343580697
71, 291, 0.227451031799853
71, 292, 0.225676473413779
71, 293, 0.223845754950358
71, 294, 0.221961996518268
71, 295, 0.220028333311705
71, 296, 0.218047896156734
71, 297, 0.216023791256546
71, 298, 0.213959079326101
71, 299, 0.211856754339077
71, 300, 0.209719722140675
71, 301, 0.207550779207786
71, 302, 0.205352591862129
71, 303, 0.203127676261233
71, 304, 0.200878379505556
71, 305, 0.198606862206709
71, 306, 0.19631508286094
71, 307, 0.194004784363051
71, 308, 0.191677482978491
71, 309, 0.189334460065233
71, 310, 0.186976756802309
71, 311, 0.184605172139121
71, 312, 0.182220264129133
71, 313, 0.179822354754785
71, 314, 0.177411538288045
71, 315, 0.17498769316491
71, 316, 0.172550497283704
71, 317, 0.170099446567918
71, 318, 0.167633876566781
71, 319, 0.16515298680218
71, 320, 0.16265586751114
71, 321, 0.160141528380307
71, 322, 0.157608928824389
71, 323, 0.155057009325677
71, 324, 0.152484723327372
71, 325, 0.149891069160559
71, 326, 0.147275121483353
71, 327, 0.144636061721239
71, 328, 0.141973207019527
71, 329, 0.139286037251538
71, 330, 0.136574219668691
71, 331, 0.133837630829787
71, 332, 0.131076375505249
71, 333, 0.12829080231594
71, 334, 0.125481515934159
71, 335, 0.122649385744375
71, 336, 0.119795550931608
71, 337, 0.116921422034421
71, 338, 0.1140286790655
71, 339, 0.111119266364394
71, 340, 0.108195384402796
71, 341, 0.105259478811699
71, 342, 0.102314226940897
71, 343, 0.0993625222939523
71, 344, 0.0964074572054937
71, 345, 0.0934523041421996
71, 346, 0.0905004960141725
71, 347, 0.0875556058795907
71, 348, 0.0846213264130835
71, 349, 0.0817014494875749
71, 350, 0.0787998461911356
71, 351, 0.0759204475654248
71, 352, 0.0730672263115818
71, 353, 0.070244179663844
71, 354, 0.0674553135819917
71, 355, 0.0647046283619701
71, 356, 0.0619961057110713
71, 357, 0.059333697281065
71, 358, 0.0567213146009611
71, 359, 0.0541628203019785
71, 360, 0.0516620204819676
72, 0, 0.0492107433054129
72, 1, 0.0468857522430151
72, 2, 0.0446248912029804
72, 3, 0.0424316644934675
72, 4, 0.0403094886732006
72, 5, 0.0382616874417157
72, 6, 0.0362914862758076
72, 7, 0.0344020065311536
72, 8, 0.0325962587462047
72, 9, 0.0308771349132906
72, 10, 0.0292473995189597
72, 11, 0.0277096792010305
72, 12, 0.0262664509225517
72, 13, 0.0249200286213939
72, 14, 0.0236725483569092
72, 15, 0.0225259520400192
72, 16, 0.021481969898285
72, 17, 0.0205421018907055
72, 18, 0.01970759834616
72, 19, 0.0189794401523669
72, 20, 0.0183583188671455
72, 21, 0.0178446171588961
72, 22, 0.0174383900072886
72, 23, 0.017139347107158
72, 24, 0.0169468369181381
72, 25, 0.0168598327895306
72, 26, 0.0168769215648759
72, 27, 0.016996295034569
72, 28, 0.0172157445590709
72, 29, 0.0175326591315426
72, 30, 0.0179440270890964
72, 31, 0.0184464416184869
72, 32, 0.0190361101371584
72, 33, 0.0197088675662369
72, 34, 0.0204601934502226
72, 35, 0.0212852328203752
72, 36, 0.0221788206463066
72, 37, 0.023135509673852
72, 38, 0.0241496014071786
72, 39, 0.025215179959133
72, 40, 0.0263261484655426
72, 41, 0.0274762677356329
72, 42, 0.0286591967909645
72, 43, 0.0298685349281377
72, 44, 0.0310978649249657
72, 45, 0.0323407969950071
72, 46, 0.0335910130807216
72, 47, 0.0348423110609186
72, 48, 0.0360886484338256
72, 49, 0.0373241850237396
72, 50, 0.0385433242479147
72, 51, 0.0397407524724944
72, 52, 0.040911475983542
72, 53, 0.0420508551032994
72, 54, 0.0431546349943072
72, 55, 0.0442189727164022
72, 56, 0.0452404601349282
72, 57, 0.0462161423233165
72, 58, 0.0471435311595241
72, 59, 0.0480206138830516
72, 60, 0.0488458564561483
72, 61, 0.0496182016575093
72, 62, 0.0503370619269344
72, 63, 0.0510023070723062
72, 64, 0.0516142470428172
72, 65, 0.0521736100615553
72, 66, 0.0526815164932456
72, 67, 0.0531394488963561
72, 68, 0.0535492187703862
72, 69, 0.0539129305570285
72, 70, 0.0542329434866041
72, 71, 0.0545118318779614
72, 72, 0.0547523445007834
72, 73, 0.0549573635945662
72, 74, 0.0551298641094725
72, 75, 0.0552728736926583
72, 76, 0.0553894338914553
72, 77, 0.0554825629846507
72, 78, 0.0555552207874181
72, 79, 0.0556102757072647
72, 80, 0.0556504742600638
72, 81, 0.0556784131896336
72, 82, 0.0556965142735266
72, 83, 0.0557070018437778
72, 84, 0.0557118830058019
72, 85, 0.055712930502639
72, 86, 0.0557116681458773
72, 87, 0.05570935871908
72, 88, 0.0557069942541041
72, 89, 0.0557052885845283
72, 90, 0.0557046720925553
72, 91, 0.0557052885845286
72, 92, 0.0557069942541039
72, 93, 0.0557093587190804
72, 94, 0.055711668145877
72, 95, 0.0557129305026388
72, 96, 0.0557118830058019
72, 97, 0.0557070018437778
72, 98, 0.0556965142735268
72, 99, 0.0556784131896334
72, 100, 0.0556504742600638
72, 101, 0.0556102757072644
72, 102, 0.055555220787419
72, 103, 0.0554825629846507
72, 104, 0.0553894338914556
72, 105, 0.0552728736926582
72, 106, 0.0551298641094727
72, 107, 0.0549573635945663
72, 108, 0.0547523445007836
72, 109, 0.0545118318779606
72, 110, 0.0542329434866038
72, 111, 0.0539129305570287
72, 112, 0.0535492187703868
72, 113, 0.0531394488963564
72, 114, 0.0526815164932456
72, 115, 0.0521736100615551
72, 116, 0.0516142470428165
72, 117, 0.0510023070723058
72, 118, 0.0503370619269343
72, 119, 0.0496182016575092
72, 120, 0.0488458564561485
72, 121, 0.0480206138830514
72, 122, 0.0471435311595241
72, 123, 0.0462161423233165
72, 124, 0.0452404601349283
72, 125, 0.0442189727164022
72, 126, 0.0431546349943074
72, 127, 0.0420508551032995
72, 128, 0.0409114759835419
72, 129, 0.0397407524724945
72, 130, 0.0385433242479149
72, 131, 0.0373241850237394
72, 132, 0.0360886484338255
72, 133, 0.0348423110609184
72, 134, 0.0335910130807213
72, 135, 0.032340796995007
72, 136, 0.0310978649249656
72, 137, 0.0298685349281376
72, 138, 0.0286591967909643
72, 139, 0.027476267735633
72, 140, 0.0263261484655427
72, 141, 0.025215179959133
72, 142, 0.0241496014071784
72, 143, 0.0231355096738521
72, 144, 0.0221788206463065
72, 145, 0.021285232820375
72, 146, 0.0204601934502225
72, 147, 0.0197088675662369
72, 148, 0.0190361101371585
72, 149, 0.018446441618487
72, 150, 0.0179440270890961
72, 151, 0.0175326591315425
72, 152, 0.0172157445590709
72, 153, 0.0169962950345689
72, 154, 0.0168769215648759
72, 155, 0.0168598327895307
72, 156, 0.016946836918138
72, 157, 0.017139347107158
72, 158, 0.0174383900072886
72, 159, 0.0178446171588962
72, 160, 0.0183583188671455
72, 161, 0.018979440152367
72, 162, 0.0197075983461601
72, 163, 0.0205421018907057
72, 164, 0.0214819698982849
72, 165, 0.0225259520400192
72, 166, 0.0236725483569092
72, 167, 0.024920028621394
72, 168, 0.0262664509225516
72, 169, 0.0277096792010304
72, 170, 0.0292473995189598
72, 171, 0.0308771349132906
72, 172, 0.0325962587462046
72, 173, 0.0344020065311534
72, 174, 0.0362914862758074
72, 175, 0.0382616874417157
72, 176, 0.0403094886732005
72, 177, 0.0424316644934675
72, 178, 0.0446248912029804
72, 179, 0.046885752243015
72, 180, 0.0492107433054129
72, 181, 0.0515962774777083
72, 182, 0.0540386907110435
72, 183, 0.0565342478869432
72, 184, 0.059079149738652
72, 185, 0.0616695408540939
72, 186, 0.0643015189515324
72, 187, 0.0669711455767481
72, 188, 0.0696744583231756
72, 189, 0.0724074846252295
72, 190, 0.075166257121225
72, 191, 0.0779468305272832
72, 192, 0.0807452999086236
72, 193, 0.0835578201810374
72, 194, 0.086380626624405
72, 195, 0.0892100561429789
72, 196, 0.0920425689650842
72, 197, 0.0948747704387931
72, 198, 0.0977034325511522
72, 199, 0.100525514777318
72, 200, 0.103338183853387
72, 201, 0.10613883206321
72, 202, 0.108925093635473
72, 203, 0.111694858863066
72, 204, 0.114446285582104
72, 205, 0.117177807682796
72, 206, 0.119888140368113
72, 207, 0.122576281928282
72, 208, 0.12524151185845
72, 209, 0.127883385212407
72, 210, 0.130501723155519
72, 211, 0.133096599753534
72, 212, 0.13566832510887
72, 213, 0.138217425030657
72, 214, 0.1407446174972
72, 215, 0.143250786237794
72, 216, 0.145736951823153
72, 217, 0.148204240708328
72, 218, 0.150653852717388
72, 219, 0.153087027493925
72, 220, 0.155505010464799
72, 221, 0.157909018875379
72, 222, 0.160300208453037
72, 223, 0.162679641241273
72, 224, 0.165048255120517
72, 225, 0.167406835493743
72, 226, 0.169755989566936
72, 227, 0.1720961235974
72, 228, 0.174427423418663
72, 229, 0.176749838481134
72, 230, 0.179063069574706
72, 231, 0.181366560325098
72, 232, 0.183659492482097
72, 233, 0.185940784946661
72, 234, 0.188209096417026
72, 235, 0.19046283147303
72, 236, 0.192700149863996
72, 237, 0.19491897871996
72, 238, 0.197117027369241
72, 239, 0.199291804417941
72, 240, 0.201440636728832
72, 241, 0.20356068992833
72, 242, 0.205648990069984
72, 243, 0.207702446091032
72, 244, 0.209717872713611
72, 245, 0.21169201346373
72, 246, 0.213621563507632
72, 247, 0.21550319203574
72, 248, 0.21733356395787
72, 249, 0.219109360708554
72, 250, 0.22082729999732
72, 251, 0.222484154374374
72, 252, 0.224076768516776
72, 253, 0.225602075173007
72, 254, 0.227057109734126
72, 255, 0.228439023427291
72, 256, 0.229745095151668
72, 257, 0.230972741997621
72, 258, 0.232119528507482
72, 259, 0.233183174749962
72, 260, 0.234161563290645
72, 261, 0.235052745148114
72, 262, 0.235854944829149
72, 263, 0.236566564537549
72, 264, 0.2371861876496
72, 265, 0.237712581545312
72, 266, 0.238144699878649
72, 267, 0.238481684362297
72, 268, 0.238722866133265
72, 269, 0.238867766755237
72, 270, 0.238916098902145
72, 271, 0.238867766755237
72, 272, 0.238722866133266
72, 273, 0.238481684362297
72, 274, 0.238144699878648
72, 275, 0.237712581545312
72, 276, 0.2371861876496
72, 277, 0.236566564537549
72, 278, 0.235854944829148
72, 279, 0.235052745148115
72, 280, 0.234161563290645
72, 281, 0.233183174749962
72, 282, 0.232119528507482
72, 283, 0.230972741997621
72, 284, 0.229745095151669
72, 285, 0.228439023427292
72, 286, 0.227057109734125
72, 287, 0.225602075173008
72, 288, 0.224076768516776
72, 289, 0.222484154374373
72, 290, 0.22082729999732
72, 291, 0.219109360708552
72, 292, 0.217333563957869
72, 293, 0.215503192035741
72, 294, 0.213621563507633
72, 295, 0.21169201346373
72, 296, 0.209717872713611
72, 297, 0.207702446091033
72, 298, 0.205648990069985
72, 299, 0.20356068992833
72, 300, 0.201440636728833
72, 301, 0.19929180441794
72, 302, 0.197117027369241
72, 303, 0.19491897871996
72, 304, 0.192700149863997
72, 305, 0.190462831473031
72, 306, 0.188209096417027
72, 307, 0.18594078494666
72, 308, 0.183659492482097
72, 309, 0.181366560325097
72, 310, 0.179063069574705
72, 311, 0.176749838481135
72, 312, 0.174427423418662
72, 313, 0.1720961235974
72, 314, 0.169755989566936
72, 315, 0.167406835493743
72, 316, 0.165048255120518
72, 317, 0.162679641241274
72, 318, 0.160300208453037
72, 319, 0.157909018875378
72, 320, 0.155505010464799
72, 321, 0.153087027493926
72, 322, 0.150653852717388
72, 323, 0.148204240708329
72, 324, 0.145736951823153
72, 325, 0.143250786237794
72, 326, 0.140744617497201
72, 327, 0.138217425030657
72, 328, 0.135668325108869
72, 329, 0.133096599753534
72, 330, 0.130501723155519
72, 331, 0.127883385212407
72, 332, 0.125241511858449
72, 333, 0.122576281928282
72, 334, 0.119888140368112
72, 335, 0.117177807682796
72, 336, 0.114446285582105
72, 337, 0.111694858863066
72, 338, 0.108925093635473
72, 339, 0.10613883206321
72, 340, 0.103338183853387
72, 341, 0.100525514777317
72, 342, 0.0977034325511526
72, 343, 0.0948747704387929
72, 344, 0.0920425689650844
72, 345, 0.0892100561429789
72, 346, 0.0863806266244047
72, 347, 0.0835578201810376
72, 348, 0.0807452999086233
72, 349, 0.0779468305272833
72, 350, 0.075166257121225
72, 351, 0.0724074846252302
72, 352, 0.0696744583231758
72, 353, 0.0669711455767476
72, 354, 0.0643015189515326
72, 355, 0.0616695408540939
72, 356, 0.0590791497386519
72, 357, 0.0565342478869436
72, 358, 0.0540386907110439
72, 359, 0.0515962774777086
72, 360, 0.049210743305413
73, 0, 0.0467149922097317
73, 1, 0.0445077300121518
73, 2, 0.0423632497233093
73, 3, 0.040284954299066
73, 4, 0.0382761517033294
73, 5, 0.0363400500590574
73, 6, 0.0344797526660192
73, 7, 0.0326982525994105
73, 8, 0.0309984266207729
73, 9, 0.0293830281599017
73, 10, 0.0278546791630915
73, 11, 0.0264158606482344
73, 12, 0.0250689018598507
73, 13, 0.0238159679755777
73, 14, 0.0226590463783047
73, 15, 0.021599931572992
73, 16, 0.0206402088922192
73, 17, 0.0197812371973969
73, 18, 0.0190241308411922
73, 19, 0.0183697412088995
73, 20, 0.0178186382003036
73, 21, 0.0173710920473428
73, 22, 0.0170270558852593
73, 23, 0.0167861495050355
73, 24, 0.0166476447123242
73, 25, 0.0166104527029142
73, 26, 0.0166731138376231
73, 27, 0.0168337901615431
73, 28, 0.0170902609652857
73, 29, 0.0174399216313072
73, 30, 0.0178797859486369
73, 31, 0.0184064920168171
73, 32, 0.0190163117968423
73, 33, 0.0197051643056313
73, 34, 0.0204686323929622
73, 35, 0.0213019829874377
73, 36, 0.0222001906520053
73, 37, 0.0231579642504033
73, 38, 0.0241697764936926
73, 39, 0.0252298961102965
73, 40, 0.0263324223627955
73, 41, 0.0274713216189023
73, 42, 0.0286404656711129
73, 43, 0.0298336714880478
73, 44, 0.0310447420690401
73, 45, 0.0322675080610341
73, 46, 0.033495869782541
73, 47, 0.0347238392830458
73, 48, 0.0359455820481314
73, 49, 0.0371554579415133
73, 50, 0.0383480609564977
73, 51, 0.0395182573328215
73, 52, 0.0406612215824362
73, 53, 0.0417724699617352
73, 54, 0.0428478909300773
73, 55, 0.0438837721471487
73, 56, 0.0448768235862032
73, 57, 0.0458241963774673
73, 58, 0.0467234970463312
73, 59, 0.0475727968739017
73, 60, 0.0483706361819858
73, 61, 0.0491160234287233
73, 62, 0.0498084290924793
73, 63, 0.0504477744172966
73, 64, 0.0510344151899331
73, 65, 0.0515691208128761
73, 66, 0.0520530490263001
73, 67, 0.0524877167116015
73, 68, 0.0528749672770552
73, 69, 0.053216935180027
73, 70, 0.0535160081783794
73, 71, 0.053774787925263
73, 72, 0.0539960495260978
73, 73, 0.0541827006647584
73, 74, 0.0543377408788094
73, 75, 0.0544642215228949
73, 76, 0.0545652069072202
73, 77, 0.0546437370370384
73, 78, 0.0547027923119991
73, 79, 0.0547452604739881
73, 80, 0.054773906021592
73, 81, 0.0547913422412277
73, 82, 0.0548000059417918
73, 83, 0.0548021349234501
73, 84, 0.0547997481636272
73, 85, 0.0547946286655722
73, 86, 0.0547883088877439
73, 87, 0.054782058655973
73, 88, 0.0547768754545266
73, 89, 0.0547734769961553
73, 90, 0.0547722959837892
73, 91, 0.0547734769961555
73, 92, 0.0547768754545264
73, 93, 0.0547820586559733
73, 94, 0.0547883088877439
73, 95, 0.0547946286655722
73, 96, 0.0547997481636272
73, 97, 0.0548021349234496
73, 98, 0.0548000059417912
73, 99, 0.0547913422412281
73, 100, 0.0547739060215921
73, 101, 0.0547452604739882
73, 102, 0.0547027923119987
73, 103, 0.0546437370370386
73, 104, 0.0545652069072201
73, 105, 0.0544642215228949
73, 106, 0.0543377408788093
73, 107, 0.0541827006647591
73, 108, 0.0539960495260979
73, 109, 0.0537747879252621
73, 110, 0.0535160081783798
73, 111, 0.0532169351800269
73, 112, 0.052874967277055
73, 113, 0.0524877167116014
73, 114, 0.0520530490263002
73, 115, 0.0515691208128763
73, 116, 0.0510344151899333
73, 117, 0.0504477744172967
73, 118, 0.0498084290924794
73, 119, 0.0491160234287233
73, 120, 0.0483706361819859
73, 121, 0.047572796873902
73, 122, 0.0467234970463312
73, 123, 0.045824196377467
73, 124, 0.044876823586203
73, 125, 0.0438837721471488
73, 126, 0.0428478909300772
73, 127, 0.0417724699617353
73, 128, 0.0406612215824361
73, 129, 0.0395182573328214
73, 130, 0.0383480609564976
73, 131, 0.0371554579415131
73, 132, 0.0359455820481312
73, 133, 0.0347238392830458
73, 134, 0.0334958697825409
73, 135, 0.032267508061034
73, 136, 0.0310447420690401
73, 137, 0.0298336714880478
73, 138, 0.028640465671113
73, 139, 0.0274713216189023
73, 140, 0.0263324223627956
73, 141, 0.0252298961102964
73, 142, 0.0241697764936925
73, 143, 0.0231579642504033
73, 144, 0.0222001906520054
73, 145, 0.0213019829874374
73, 146, 0.020468632392962
73, 147, 0.0197051643056312
73, 148, 0.0190163117968423
73, 149, 0.0184064920168171
73, 150, 0.0178797859486368
73, 151, 0.0174399216313071
73, 152, 0.0170902609652858
73, 153, 0.0168337901615431
73, 154, 0.0166731138376231
73, 155, 0.0166104527029141
73, 156, 0.0166476447123242
73, 157, 0.0167861495050353
73, 158, 0.0170270558852591
73, 159, 0.0173710920473427
73, 160, 0.0178186382003035
73, 161, 0.0183697412088994
73, 162, 0.0190241308411921
73, 163, 0.0197812371973971
73, 164, 0.020640208892219
73, 165, 0.021599931572992
73, 166, 0.0226590463783046
73, 167, 0.0238159679755779
73, 168, 0.0250689018598506
73, 169, 0.0264158606482343
73, 170, 0.0278546791630913
73, 171, 0.0293830281599017
73, 172, 0.0309984266207726
73, 173, 0.0326982525994104
73, 174, 0.034479752666019
73, 175, 0.0363400500590573
73, 176, 0.0382761517033293
73, 177, 0.040284954299066
73, 178, 0.0423632497233094
73, 179, 0.044507730012152
73, 180, 0.0467149922097317
73, 181, 0.0489815433770521
73, 182, 0.0513038060508223
73, 183, 0.0536781244298526
73, 184, 0.0561007715447536
73, 185, 0.0585679576364767
73, 186, 0.0610758399316044
73, 187, 0.0636205339583261
73, 188, 0.0661981264979093
73, 189, 0.0688046902134503
73, 190, 0.0714362999421565
73, 191, 0.0740890505806111
73, 192, 0.0767590764358367
73, 193, 0.0794425718597711
73, 194, 0.0821358129323642
73, 195, 0.084835179910027
73, 196, 0.0875371801129299
73, 197, 0.0902384708876178
73, 198, 0.0929358822516854
73, 199, 0.0956264388056558
73, 200, 0.0983073804844563
73, 201, 0.100976181717689
73, 202, 0.103630568574485
73, 203, 0.106268533485536
73, 204, 0.108888347161703
73, 205, 0.111488567365417
73, 206, 0.114068044237234
73, 207, 0.116625921934811
73, 208, 0.119161636404197
73, 209, 0.121674909172497
73, 210, 0.124165737125217
73, 211, 0.12663437830927
73, 212, 0.129081333881978
73, 213, 0.131507326405393
73, 214, 0.133913274761981
73, 215, 0.136300266040088
73, 216, 0.138669524803708
73, 217, 0.141022380218935
73, 218, 0.143360231557744
73, 219, 0.145684512636482
73, 220, 0.147996655771197
73, 221, 0.150298055843252
73, 222, 0.152590035066784
73, 223, 0.154873809034032
73, 224, 0.157150454586106
73, 225, 0.159420880016103
73, 226, 0.16168579805973
73, 227, 0.163945702067522
73, 228, 0.166200845683785
73, 229, 0.168451226282918
73, 230, 0.170696572335606
73, 231, 0.172936334797902
73, 232, 0.175169682537409
73, 233, 0.177395501734933
73, 234, 0.179612399128702
73, 235, 0.181818708903427
73, 236, 0.184012502969421
73, 237, 0.186191604328718
73, 238, 0.188353603186474
73, 239, 0.1904958754373
73, 240, 0.192615603137595
73, 241, 0.194709796566191
73, 242, 0.196775317476355
73, 243, 0.198808903151377
73, 244, 0.200807190892991
73, 245, 0.202766742595407
73, 246, 0.204684069086747
73, 247, 0.206555653952823
73, 248, 0.208377976594428
73, 249, 0.210147534307158
73, 250, 0.211860863211452
73, 251, 0.213514557898718
73, 252, 0.21510528969638
73, 253, 0.216629823489603
73, 254, 0.218085033069734
73, 255, 0.2194679150086
73, 256, 0.220775601083475
73, 257, 0.222005369299447
73, 258, 0.223154653574126
73, 259, 0.224221052163954
73, 260, 0.225202334922138
73, 261, 0.226096449485358
73, 262, 0.226901526490283
73, 263, 0.227615883921804
73, 264, 0.228238030692964
73, 265, 0.228766669552173
73, 266, 0.229200699406864
73, 267, 0.229539217144306
73, 268, 0.229781519020441
73, 269, 0.229927101676358
73, 270, 0.229975662829838
73, 271, 0.229927101676358
73, 272, 0.229781519020441
73, 273, 0.229539217144306
73, 274, 0.229200699406863
73, 275, 0.228766669552172
73, 276, 0.228238030692964
73, 277, 0.227615883921805
73, 278, 0.226901526490284
73, 279, 0.226096449485359
73, 280, 0.225202334922138
73, 281, 0.224221052163952
73, 282, 0.223154653574126
73, 283, 0.222005369299448
73, 284, 0.220775601083475
73, 285, 0.219467915008601
73, 286, 0.218085033069733
73, 287, 0.216629823489603
73, 288, 0.21510528969638
73, 289, 0.213514557898718
73, 290, 0.211860863211451
73, 291, 0.210147534307157
73, 292, 0.208377976594428
73, 293, 0.206555653952823
73, 294, 0.204684069086746
73, 295, 0.202766742595408
73, 296, 0.200807190892991
73, 297, 0.198808903151376
73, 298, 0.196775317476355
73, 299, 0.194709796566191
73, 300, 0.192615603137595
73, 301, 0.190495875437301
73, 302, 0.188353603186474
73, 303, 0.186191604328718
73, 304, 0.184012502969421
73, 305, 0.181818708903426
73, 306, 0.179612399128702
73, 307, 0.177395501734934
73, 308, 0.175169682537409
73, 309, 0.172936334797901
73, 310, 0.170696572335605
73, 311, 0.168451226282917
73, 312, 0.166200845683785
73, 313, 0.163945702067522
73, 314, 0.161685798059729
73, 315, 0.159420880016102
73, 316, 0.157150454586106
73, 317, 0.154873809034032
73, 318, 0.152590035066784
73, 319, 0.150298055843253
73, 320, 0.147996655771197
73, 321, 0.145684512636482
73, 322, 0.143360231557744
73, 323, 0.141022380218936
73, 324, 0.138669524803707
73, 325, 0.136300266040089
73, 326, 0.13391327476198
73, 327, 0.131507326405394
73, 328, 0.129081333881979
73, 329, 0.12663437830927
73, 330, 0.124165737125216
73, 331, 0.121674909172497
73, 332, 0.119161636404196
73, 333, 0.116625921934811
73, 334, 0.114068044237234
73, 335, 0.111488567365417
73, 336, 0.108888347161703
73, 337, 0.106268533485536
73, 338, 0.103630568574485
73, 339, 0.100976181717688
73, 340, 0.098307380484456
73, 341, 0.0956264388056559
73, 342, 0.0929358822516855
73, 343, 0.0902384708876171
73, 344, 0.0875371801129306
73, 345, 0.0848351799100272
73, 346, 0.082135812932364
73, 347, 0.0794425718597709
73, 348, 0.0767590764358373
73, 349, 0.0740890505806116
73, 350, 0.0714362999421564
73, 351, 0.0688046902134505
73, 352, 0.0661981264979094
73, 353, 0.0636205339583261
73, 354, 0.0610758399316045
73, 355, 0.0585679576364766
73, 356, 0.0561007715447536
73, 357, 0.0536781244298527
73, 358, 0.0513038060508223
73, 359, 0.0489815433770526
73, 360, 0.0467149922097318
74, 0, 0.0441653643632508
74, 1, 0.0420793707421492
74, 2, 0.0400544245567086
74, 3, 0.0380938194612511
74, 4, 0.0362007475666658
74, 5, 0.0343782948224351
74, 6, 0.0326294363853273
74, 7, 0.0309570316864537
74, 8, 0.0293638189249287
74, 9, 0.0278524087429289
74, 10, 0.0264252768730106
74, 11, 0.0250847555932092
74, 12, 0.0238330238775639
74, 13, 0.0226720961877191
74, 14, 0.0216038099134605
74, 15, 0.0206298115343743
74, 16, 0.0197515416391628
74, 17, 0.0189702190012128
74, 18, 0.018286823966576
74, 19, 0.0177020814614015
74, 20, 0.0172164439680664
74, 21, 0.0168300748511745
74, 22, 0.0165428324348339
74, 23, 0.0163542552404423
74, 24, 0.0162635487891838
74, 25, 0.0162695743558664
74, 26, 0.0163708400313253
74, 27, 0.0165654944106861
74, 28, 0.0168513231761025
74, 29, 0.0172257487872423
74, 30, 0.017685833433213
74, 31, 0.0182282853382734
74, 32, 0.0188494684530317
74, 33, 0.0195454155052102
74, 34, 0.0203118443313535
74, 35, 0.0211441773646535
74, 36, 0.0220375641152706
74, 37, 0.0229869064485595
74, 38, 0.0239868864432002
74, 39, 0.0250319965946185
74, 40, 0.02611657211793
74, 41, 0.0272348250973642
74, 42, 0.0283808802238142
74, 43, 0.0295488118569773
74, 44, 0.0307326821417387
74, 45, 0.0319265798986252
74, 46, 0.0331246599943734
74, 47, 0.034321182880574
74, 48, 0.035510553966292
74, 49, 0.0366873624654579
74, 50, 0.037846419333282
74, 51, 0.0389827938800465
74, 52, 0.0400918486278107
74, 53, 0.0411692719584956
74, 54, 0.0422111080930778
74, 55, 0.0432137839436193
74, 56, 0.0441741323945284
74, 57, 0.0450894115981628
74, 58, 0.0459573199132458
74, 59, 0.0467760061724062
74, 60, 0.0475440750364629
74, 61, 0.0482605872759941
74, 62, 0.048925054912823
74, 63, 0.0495374312520731
74, 64, 0.0500980959360735
74, 65, 0.0506078352507134
74, 66, 0.0510678180093035
74, 67, 0.0514795674249339
74, 68, 0.0518449294567384
74, 69, 0.0521660381755958
74, 70, 0.0524452787388568
74, 71, 0.0526852485903965
74, 72, 0.0528887175112158
74, 73, 0.0530585871374217
74, 74, 0.0531978505376355
74, 75, 0.0533095524025852
74, 76, 0.053396750347979
74, 77, 0.0534624777704452
74, 78, 0.0535097086283296
74, 79, 0.0535413244473805
74, 80, 0.0535600837790269
74, 81, 0.0535685942687755
74, 82, 0.0535692874269351
74, 83, 0.0535643961355741
74, 84, 0.0535559348762053
74, 85, 0.053545682623387
74, 86, 0.0535351683210894
74, 87, 0.0535256588414711
74, 88, 0.0535181493194496
74, 89, 0.0535133557602842
74, 90, 0.0535117098302025
74, 91, 0.0535133557602839
74, 92, 0.0535181493194495
74, 93, 0.0535256588414708
74, 94, 0.0535351683210893
74, 95, 0.0535456826233869
74, 96, 0.0535559348762054
74, 97, 0.053564396135574
74, 98, 0.0535692874269347
74, 99, 0.0535685942687757
74, 100, 0.0535600837790273
74, 101, 0.0535413244473809
74, 102, 0.0535097086283299
74, 103, 0.0534624777704451
74, 104, 0.0533967503479789
74, 105, 0.0533095524025857
74, 106, 0.0531978505376355
74, 107, 0.0530585871374222
74, 108, 0.0528887175112163
74, 109, 0.052685248590396
74, 110, 0.0524452787388574
74, 111, 0.0521660381755956
74, 112, 0.0518449294567382
74, 113, 0.0514795674249338
74, 114, 0.0510678180093037
74, 115, 0.0506078352507138
74, 116, 0.0500980959360731
74, 117, 0.0495374312520728
74, 118, 0.0489250549128229
74, 119, 0.0482605872759941
74, 120, 0.0475440750364625
74, 121, 0.0467760061724058
74, 122, 0.0459573199132456
74, 123, 0.0450894115981629
74, 124, 0.0441741323945284
74, 125, 0.0432137839436193
74, 126, 0.0422111080930779
74, 127, 0.0411692719584955
74, 128, 0.0400918486278106
74, 129, 0.0389827938800467
74, 130, 0.0378464193332818
74, 131, 0.0366873624654577
74, 132, 0.0355105539662919
74, 133, 0.034321182880574
74, 134, 0.0331246599943735
74, 135, 0.0319265798986252
74, 136, 0.0307326821417387
74, 137, 0.0295488118569772
74, 138, 0.0283808802238142
74, 139, 0.0272348250973642
74, 140, 0.02611657211793
74, 141, 0.0250319965946185
74, 142, 0.0239868864432002
74, 143, 0.0229869064485594
74, 144, 0.0220375641152707
74, 145, 0.0211441773646536
74, 146, 0.0203118443313534
74, 147, 0.0195454155052101
74, 148, 0.0188494684530318
74, 149, 0.0182282853382735
74, 150, 0.0176858334332131
74, 151, 0.0172257487872423
74, 152, 0.0168513231761028
74, 153, 0.0165654944106861
74, 154, 0.0163708400313253
74, 155, 0.0162695743558663
74, 156, 0.0162635487891837
74, 157, 0.0163542552404424
74, 158, 0.016542832434834
74, 159, 0.0168300748511745
74, 160, 0.0172164439680665
74, 161, 0.0177020814614014
74, 162, 0.018286823966576
74, 163, 0.0189702190012126
74, 164, 0.0197515416391629
74, 165, 0.0206298115343742
74, 166, 0.0216038099134603
74, 167, 0.0226720961877192
74, 168, 0.023833023877564
74, 169, 0.0250847555932092
74, 170, 0.0264252768730105
74, 171, 0.0278524087429289
74, 172, 0.0293638189249288
74, 173, 0.0309570316864538
74, 174, 0.0326294363853271
74, 175, 0.0343782948224351
74, 176, 0.0362007475666657
74, 177, 0.0380938194612512
74, 178, 0.0400544245567083
74, 179, 0.0420793707421492
74, 180, 0.0441653643632509
74, 181, 0.0463090151214715
74, 182, 0.0485068415451507
74, 183, 0.0507552773094089
74, 184, 0.053050678658717
74, 185, 0.0553893331545643
74, 186, 0.0577674699316658
74, 187, 0.060181271600834
74, 188, 0.0626268878861025
74, 189, 0.0651004510293225
74, 190, 0.0675980929384966
74, 191, 0.0701159639980003
74, 192, 0.0726502534008995
74, 193, 0.0751972108071367
74, 194, 0.0777531690777818
74, 195, 0.0803145677860419
74, 196, 0.0828779771615494
74, 197, 0.0854401220866565
74, 198, 0.0879979057331851
74, 199, 0.090548432406078
74, 200, 0.0930890291476279
74, 201, 0.0956172656528861
74, 202, 0.0981309720540401
74, 203, 0.100628254149192
74, 204, 0.103107505679105
74, 205, 0.105567417293956
74, 206, 0.108006981900394
74, 207, 0.110425496136617
74, 208, 0.112822557788725
74, 209, 0.115198059034037
74, 210, 0.117552175474825
74, 211, 0.119885351007489
74, 212, 0.122198278655412
74, 213, 0.124491877576787
74, 214, 0.126767266539381
74, 215, 0.129025734230327
74, 216, 0.131268706838659
74, 217, 0.133497713409273
74, 218, 0.135714349517706
74, 219, 0.137920239854013
74, 220, 0.14011700032977
74, 221, 0.142306200334223
74, 222, 0.144489325763296
74, 223, 0.146667743428534
74, 224, 0.148842667422709
74, 225, 0.151015127975441
74, 226, 0.153185943277223
74, 227, 0.155355694685137
74, 228, 0.157524705650405
74, 229, 0.159693024628672
74, 230, 0.161860412151008
74, 231, 0.164026332149254
74, 232, 0.166189947545855
74, 233, 0.168350120037966
74, 234, 0.170505413930279
74, 235, 0.172654103802626
74, 236, 0.174794185738276
74, 237, 0.17692339178819
74, 238, 0.179039207306172
74, 239, 0.181138890760034
74, 240, 0.183219495605008
74, 241, 0.185277893797146
74, 242, 0.187310800525869
74, 243, 0.189314799755444
74, 244, 0.191286370183886
74, 245, 0.193221911253363
74, 246, 0.195117768877612
74, 247, 0.196970260587437
74, 248, 0.198775699834236
74, 249, 0.200530419231893
74, 250, 0.202230792558543
74, 251, 0.203873255380296
74, 252, 0.205454324198174
74, 253, 0.206970614056373
74, 254, 0.208418854584018
74, 255, 0.209795904473191
74, 256, 0.211098764422788
74, 257, 0.212324588600799
74, 258, 0.213470694696365
74, 259, 0.214534572647873
74, 260, 0.21551389214428
74, 261, 0.216406509004116
74, 262, 0.217210470540349
74, 263, 0.217924020019926
74, 264, 0.218545600324464
74, 265, 0.21907385691379
74, 266, 0.219507640186866
74, 267, 0.219846007325753
74, 268, 0.220088223697579
74, 269, 0.220233763877619
74, 270, 0.220282312343609
74, 271, 0.220233763877619
74, 272, 0.220088223697579
74, 273, 0.219846007325753
74, 274, 0.219507640186866
74, 275, 0.219073856913789
74, 276, 0.218545600324465
74, 277, 0.217924020019925
74, 278, 0.217210470540349
74, 279, 0.216406509004116
74, 280, 0.21551389214428
74, 281, 0.214534572647873
74, 282, 0.213470694696365
74, 283, 0.212324588600798
74, 284, 0.211098764422788
74, 285, 0.209795904473191
74, 286, 0.208418854584018
74, 287, 0.206970614056372
74, 288, 0.205454324198175
74, 289, 0.203873255380296
74, 290, 0.202230792558542
74, 291, 0.200530419231894
74, 292, 0.198775699834238
74, 293, 0.196970260587437
74, 294, 0.195117768877612
74, 295, 0.193221911253364
74, 296, 0.191286370183886
74, 297, 0.189314799755445
74, 298, 0.18731080052587
74, 299, 0.185277893797147
74, 300, 0.183219495605007
74, 301, 0.181138890760033
74, 302, 0.179039207306173
74, 303, 0.17692339178819
74, 304, 0.174794185738275
74, 305, 0.172654103802627
74, 306, 0.170505413930279
74, 307, 0.168350120037966
74, 308, 0.166189947545854
74, 309, 0.164026332149254
74, 310, 0.161860412151008
74, 311, 0.159693024628672
74, 312, 0.157524705650406
74, 313, 0.155355694685137
74, 314, 0.153185943277222
74, 315, 0.151015127975442
74, 316, 0.148842667422709
74, 317, 0.146667743428535
74, 318, 0.144489325763296
74, 319, 0.142306200334223
74, 320, 0.14011700032977
74, 321, 0.137920239854014
74, 322, 0.135714349517705
74, 323, 0.133497713409272
74, 324, 0.13126870683866
74, 325, 0.129025734230326
74, 326, 0.12676726653938
74, 327, 0.124491877576786
74, 328, 0.122198278655411
74, 329, 0.119885351007489
74, 330, 0.117552175474825
74, 331, 0.115198059034037
74, 332, 0.112822557788725
74, 333, 0.110425496136617
74, 334, 0.108006981900394
74, 335, 0.105567417293956
74, 336, 0.103107505679105
74, 337, 0.100628254149192
74, 338, 0.09813097205404
74, 339, 0.0956172656528861
74, 340, 0.0930890291476281
74, 341, 0.0905484324060784
74, 342, 0.0879979057331854
74, 343, 0.0854401220866562
74, 344, 0.0828779771615491
74, 345, 0.0803145677860423
74, 346, 0.0777531690777819
74, 347, 0.0751972108071369
74, 348, 0.0726502534008999
74, 349, 0.0701159639980006
74, 350, 0.0675980929384967
74, 351, 0.0651004510293223
74, 352, 0.0626268878861027
74, 353, 0.0601812716008341
74, 354, 0.0577674699316658
74, 355, 0.0553893331545644
74, 356, 0.0530506786587173
74, 357, 0.0507552773094092
74, 358, 0.0485068415451508
74, 359, 0.0463090151214714
74, 360, 0.0441653643632507
75, 0, 0.0415519716143216
75, 1, 0.0395909876698936
75, 2, 0.0376889141275028
75, 3, 0.0358489259152721
75, 4, 0.0340740907658883
75, 5, 0.0323673648020678
75, 6, 0.0307315882254979
75, 7, 0.0291694808212676
75, 8, 0.0276836370055141
75, 9, 0.0262765201697933
75, 10, 0.0249504561109922
75, 11, 0.0237076253795092
75, 12, 0.0225500544297724
75, 13, 0.0214796055143797
75, 14, 0.0204979653244341
75, 15, 0.0196066324419919
75, 16, 0.0188069037336943
75, 17, 0.0180998598753738
75, 18, 0.0174863502533829
75, 19, 0.0169669775374325
75, 20, 0.0165420822598605
75, 21, 0.0162117277658107
75, 22, 0.0159756859165424
75, 23, 0.0158334239332147
75, 24, 0.0157840927607917
75, 25, 0.0158265173115073
75, 26, 0.0159591889155612
75, 27, 0.0161802602648361
75, 28, 0.0164875430853864
75, 29, 0.0168785087185574
75, 30, 0.0173502917314273
75, 31, 0.01789969661748
75, 32, 0.0185232075906004
75, 33, 0.0192170014220211
75, 34, 0.0199769632226677
75, 35, 0.020798705033959
75, 36, 0.0216775870592936
75, 37, 0.0226087413463942
75, 38, 0.0235870977168464
75, 39, 0.024607411732403
75, 40, 0.0256642944862596
75, 41, 0.0267522440094244
75, 42, 0.0278656780852743
75, 43, 0.0289989682670348
75, 44, 0.030146474891224
75, 45, 0.0313025828732824
75, 46, 0.0324617380585857
75, 47, 0.0336184838823337
75, 48, 0.0347674980657549
75, 49, 0.0359036290447715
75, 50, 0.0370219317925676
75, 51, 0.0381177026618014
75, 52, 0.0391865128384609
75, 53, 0.0402242399706135
75, 54, 0.0412270975147769
75, 55, 0.0421916613331297
75, 56, 0.043114893078833
75, 57, 0.0439941599260289
75, 58, 0.04482725023666
75, 59, 0.045612384808129
75, 60, 0.0463482234131627
75, 61, 0.0470338664242369
75, 62, 0.0476688514069808
75, 63, 0.0482531446668847
75, 64, 0.0487871278375619
75, 65, 0.0492715797028256
75, 66, 0.0497076535448498
75, 67, 0.0500968504028265
75, 68, 0.0504409887073128
75, 69, 0.0507421708220098
75, 70, 0.0510027470747328
75, 71, 0.0512252778915027
75, 72, 0.0514124946613132
75, 73, 0.0515672599545177
75, 74, 0.0516925276959452
75, 75, 0.0517913038565105
75, 76, 0.0518666081765091
75, 77, 0.0519214373728121
75, 78, 0.0519587302137398
75, 79, 0.051981334772741
75, 80, 0.0519919780983
75, 81, 0.0519932384657179
75, 82, 0.0519875203093388
75, 83, 0.0519770318737819
75, 84, 0.0519637655716562
75, 85, 0.0519494809945146
75, 86, 0.0519356904942628
75, 87, 0.0519236472341368
75, 88, 0.0519143356015323
75, 89, 0.0519084638784894
75, 90, 0.0519064590784774
75, 91, 0.0519084638784891
75, 92, 0.0519143356015323
75, 93, 0.0519236472341367
75, 94, 0.0519356904942626
75, 95, 0.0519494809945148
75, 96, 0.0519637655716558
75, 97, 0.051977031873782
75, 98, 0.0519875203093387
75, 99, 0.0519932384657175
75, 100, 0.0519919780983
75, 101, 0.0519813347727411
75, 102, 0.0519587302137392
75, 103, 0.0519214373728121
75, 104, 0.0518666081765093
75, 105, 0.0517913038565106
75, 106, 0.0516925276959452
75, 107, 0.0515672599545171
75, 108, 0.051412494661313
75, 109, 0.0512252778915028
75, 110, 0.0510027470747329
75, 111, 0.0507421708220094
75, 112, 0.0504409887073128
75, 113, 0.0500968504028263
75, 114, 0.0497076535448501
75, 115, 0.0492715797028259
75, 116, 0.0487871278375622
75, 117, 0.0482531446668841
75, 118, 0.04766885140698
75, 119, 0.047033866424237
75, 120, 0.046348223413163
75, 121, 0.0456123848081287
75, 122, 0.0448272502366601
75, 123, 0.0439941599260289
75, 124, 0.0431148930788329
75, 125, 0.0421916613331298
75, 126, 0.0412270975147768
75, 127, 0.0402242399706134
75, 128, 0.0391865128384607
75, 129, 0.0381177026618016
75, 130, 0.0370219317925677
75, 131, 0.0359036290447714
75, 132, 0.0347674980657546
75, 133, 0.0336184838823336
75, 134, 0.0324617380585856
75, 135, 0.0313025828732823
75, 136, 0.0301464748912241
75, 137, 0.0289989682670348
75, 138, 0.0278656780852741
75, 139, 0.0267522440094244
75, 140, 0.0256642944862595
75, 141, 0.0246074117324032
75, 142, 0.0235870977168464
75, 143, 0.0226087413463944
75, 144, 0.0216775870592937
75, 145, 0.0207987050339588
75, 146, 0.0199769632226676
75, 147, 0.019217001422021
75, 148, 0.0185232075906004
75, 149, 0.0178996966174797
75, 150, 0.0173502917314272
75, 151, 0.0168785087185573
75, 152, 0.0164875430853866
75, 153, 0.0161802602648362
75, 154, 0.0159591889155612
75, 155, 0.0158265173115073
75, 156, 0.0157840927607917
75, 157, 0.0158334239332147
75, 158, 0.0159756859165423
75, 159, 0.0162117277658107
75, 160, 0.0165420822598603
75, 161, 0.0169669775374324
75, 162, 0.017486350253383
75, 163, 0.018099859875374
75, 164, 0.0188069037336945
75, 165, 0.0196066324419918
75, 166, 0.0204979653244341
75, 167, 0.0214796055143796
75, 168, 0.0225500544297724
75, 169, 0.0237076253795089
75, 170, 0.024950456110992
75, 171, 0.0262765201697933
75, 172, 0.0276836370055141
75, 173, 0.0291694808212678
75, 174, 0.0307315882254977
75, 175, 0.0323673648020676
75, 176, 0.0340740907658883
75, 177, 0.0358489259152719
75, 178, 0.0376889141275029
75, 179, 0.0395909876698934
75, 180, 0.0415519716143214
75, 181, 0.0435685886486661
75, 182, 0.0456374645737719
75, 183, 0.0477551347598935
75, 184, 0.0499180518126424
75, 185, 0.0521225946660303
75, 186, 0.0543650792802999
75, 187, 0.0566417710759329
75, 188, 0.0589488991837726
75, 189, 0.0612826725358806
75, 190, 0.0636392977638858
75, 191, 0.066014998812586
75, 192, 0.068406038117747
75, 193, 0.0708087391398085
75, 194, 0.0732195099908255
75, 195, 0.075634867841812
75, 196, 0.078051463752768
75, 197, 0.0804661075294402
75, 198, 0.0828757921800909
75, 199, 0.085277717523363
75, 200, 0.0876693124854463
75, 201, 0.0900482556218687
75, 202, 0.0924124934068073
75, 203, 0.094760255851187
75, 204, 0.0970900690399836
75, 205, 0.099400764218964
75, 206, 0.101691483111133
75, 207, 0.103961679202594
75, 208, 0.106211114805554
75, 209, 0.108439853781323
75, 210, 0.110648249887085
75, 211, 0.112836930794889
75, 212, 0.115006777918087
75, 213, 0.117158902266928
75, 214, 0.119294616639126
75, 215, 0.121415404530765
75, 216, 0.123522886225519
75, 217, 0.125618782583936
75, 218, 0.12770487710756
75, 219, 0.129782976893188
75, 220, 0.131854873119574
75, 221, 0.133922301721221
75, 222, 0.135986904901376
75, 223, 0.138050194118678
75, 224, 0.140113515149871
75, 225, 0.14217801578524
75, 226, 0.144244616655426
75, 227, 0.146313985619759
75, 228, 0.148386516069114
75, 229, 0.150462309412931
75, 230, 0.152541161932728
75, 231, 0.15462255609575
75, 232, 0.156705656334678
75, 233, 0.158789309214924
75, 234, 0.160872047832113
75, 235, 0.162952100210709
75, 236, 0.165027401411964
75, 237, 0.167095609006647
75, 238, 0.169154121526114
75, 239, 0.171200099474735
75, 240, 0.173230488467435
75, 241, 0.175242044047964
75, 242, 0.177231357745783
75, 243, 0.17919488394133
75, 244, 0.181128967129785
75, 245, 0.183029869201069
75, 246, 0.184893796387309
75, 247, 0.186716925566999
75, 248, 0.188495429656169
75, 249, 0.190225501859788
75, 250, 0.191903378599894
75, 251, 0.193525360979786
75, 252, 0.195087834684632
75, 253, 0.196587288257563
75, 254, 0.198020329725812
75, 255, 0.199383701583351
75, 256, 0.200674294164411
75, 257, 0.20188915746594
75, 258, 0.203025511496495
75, 259, 0.204080755244338
75, 260, 0.205052474368533
75, 261, 0.205938447724185
75, 262, 0.206736652836484
75, 263, 0.207445270438617
75, 264, 0.208062688185888
75, 265, 0.208587503653124
75, 266, 0.209018526714795
75, 267, 0.209354781397802
75, 268, 0.209595507285555
75, 269, 0.209740160539544
75, 270, 0.209788414590821
75, 271, 0.209740160539542
75, 272, 0.209595507285554
75, 273, 0.209354781397802
75, 274, 0.209018526714796
75, 275, 0.208587503653124
75, 276, 0.208062688185889
75, 277, 0.207445270438617
75, 278, 0.206736652836484
75, 279, 0.205938447724186
75, 280, 0.205052474368533
75, 281, 0.204080755244338
75, 282, 0.203025511496496
75, 283, 0.20188915746594
75, 284, 0.200674294164411
75, 285, 0.199383701583351
75, 286, 0.198020329725812
75, 287, 0.196587288257564
75, 288, 0.195087834684632
75, 289, 0.193525360979785
75, 290, 0.191903378599894
75, 291, 0.190225501859787
75, 292, 0.188495429656169
75, 293, 0.186716925566998
75, 294, 0.184893796387309
75, 295, 0.183029869201069
75, 296, 0.181128967129785
75, 297, 0.17919488394133
75, 298, 0.177231357745783
75, 299, 0.175242044047964
75, 300, 0.173230488467435
75, 301, 0.171200099474735
75, 302, 0.169154121526114
75, 303, 0.167095609006647
75, 304, 0.165027401411963
75, 305, 0.162952100210709
75, 306, 0.160872047832114
75, 307, 0.158789309214924
75, 308, 0.156705656334677
75, 309, 0.15462255609575
75, 310, 0.152541161932728
75, 311, 0.150462309412931
75, 312, 0.148386516069115
75, 313, 0.146313985619759
75, 314, 0.144244616655426
75, 315, 0.14217801578524
75, 316, 0.140113515149872
75, 317, 0.138050194118677
75, 318, 0.135986904901376
75, 319, 0.133922301721221
75, 320, 0.131854873119573
75, 321, 0.129782976893189
75, 322, 0.127704877107559
75, 323, 0.125618782583936
75, 324, 0.123522886225518
75, 325, 0.121415404530766
75, 326, 0.119294616639126
75, 327, 0.117158902266928
75, 328, 0.115006777918088
75, 329, 0.112836930794888
75, 330, 0.110648249887085
75, 331, 0.108439853781323
75, 332, 0.106211114805554
75, 333, 0.103961679202594
75, 334, 0.101691483111133
75, 335, 0.0994007642189644
75, 336, 0.0970900690399838
75, 337, 0.0947602558511877
75, 338, 0.0924124934068071
75, 339, 0.0900482556218683
75, 340, 0.0876693124854462
75, 341, 0.0852777175233625
75, 342, 0.0828757921800912
75, 343, 0.0804661075294402
75, 344, 0.0780514637527681
75, 345, 0.0756348678418121
75, 346, 0.0732195099908265
75, 347, 0.070808739139808
75, 348, 0.0684060381177475
75, 349, 0.0660149988125859
75, 350, 0.0636392977638854
75, 351, 0.0612826725358806
75, 352, 0.058948899183773
75, 353, 0.0566417710759329
75, 354, 0.0543650792803001
75, 355, 0.0521225946660306
75, 356, 0.0499180518126422
75, 357, 0.0477551347598935
75, 358, 0.0456374645737719
75, 359, 0.0435685886486664
75, 360, 0.0415519716143213
76, 0, 0.0388648620086497
76, 1, 0.0370328345320037
76, 2, 0.0352571657333647
76, 3, 0.033540900731948
76, 4, 0.0318869729227556
76, 5, 0.0302981997416633
76, 6, 0.0287772786449927
76, 7, 0.0273267830188207
76, 8, 0.0259491577481856
76, 9, 0.0246467142012513
76, 10, 0.0234216244178639
76, 11, 0.022275914334811
76, 12, 0.0212114559303379
76, 13, 0.020229958226449
76, 14, 0.0193329571474608
76, 15, 0.0185218042950729
76, 16, 0.0177976547616858
76, 17, 0.0171614541624691
76, 18, 0.0166139251205178
76, 19, 0.0161555534860857
76, 20, 0.0157865746084461
76, 21, 0.0155069600057035
76, 22, 0.0153164047927238
76, 23, 0.0152143162295152
76, 24, 0.0151998037417729
76, 25, 0.0152716707423805
76, 26, 0.0154284085484856
76, 27, 0.0156681926450088
76, 28, 0.0159888814942147
76, 29, 0.0163880180347633
76, 30, 0.0168628339552365
76, 31, 0.017410256769297
76, 32, 0.0180269196650846
76, 33, 0.0187091740526367
76, 34, 0.0194531046919794
76, 35, 0.0202545472524854
76, 36, 0.0211091081317928
76, 37, 0.0220121863499745
76, 38, 0.0229589973309235
76, 39, 0.023944598386538
76, 40, 0.0249639157281883
76, 41, 0.026011772841563
76, 42, 0.0270829200726336
76, 43, 0.0281720652813927
76, 44, 0.0292739054237371
76, 45, 0.0303831589183863
76, 46, 0.0314945986436705
76, 47, 0.0326030853878779
76, 48, 0.0337036015469021
76, 49, 0.034791284825466
76, 50, 0.0358614616552617
76, 51, 0.0369096799977249
76, 52, 0.0379317411542182
76, 53, 0.0389237301656877
76, 54, 0.0398820443510849
76, 55, 0.0408034195123824
76, 56, 0.0416849533268299
76, 57, 0.0425241254563477
76, 58, 0.0433188139310451
76, 59, 0.044067307409011
76, 60, 0.0447683129771534
76, 61, 0.0454209592361155
76, 62, 0.0460247945036495
76, 63, 0.0465797800717764
76, 64, 0.047086278559728
76, 65, 0.0475450375127196
76, 66, 0.0479571685016673
76, 67, 0.0483241220769016
76, 68, 0.0486476590158724
76, 69, 0.0489298183775565
76, 70, 0.0491728829323487
76, 71, 0.0493793425738937
76, 72, 0.0495518563378858
76, 73, 0.0496932136524306
76, 74, 0.0498062954260825
76, 75, 0.0498940355448081
76, 76, 0.0499593833003156
76, 77, 0.0500052672120639
76, 78, 0.0500345606371763
76, 79, 0.050050049489488
76, 80, 0.05005440231457
76, 81, 0.0500501428947385
76, 82, 0.0500396254897654
76, 83, 0.0500250127576451
76, 84, 0.0500082563474628
76, 85, 0.0499910801143749
76, 86, 0.0499749658761785
76, 87, 0.049961141611941
76, 88, 0.0499505719956166
76, 89, 0.0499439511607024
76, 90, 0.049941697604481
76, 91, 0.0499439511607024
76, 92, 0.0499505719956165
76, 93, 0.04996114161194
76, 94, 0.0499749658761784
76, 95, 0.0499910801143751
76, 96, 0.050008256347463
76, 97, 0.0500250127576454
76, 98, 0.0500396254897656
76, 99, 0.0500501428947386
76, 100, 0.0500544023145689
76, 101, 0.0500500494894882
76, 102, 0.0500345606371773
76, 103, 0.0500052672120638
76, 104, 0.0499593833003154
76, 105, 0.0498940355448082
76, 106, 0.0498062954260826
76, 107, 0.0496932136524316
76, 108, 0.0495518563378861
76, 109, 0.0493793425738938
76, 110, 0.049172882932348
76, 111, 0.0489298183775554
76, 112, 0.0486476590158723
76, 113, 0.0483241220769018
76, 114, 0.0479571685016674
76, 115, 0.0475450375127197
76, 116, 0.0470862785597275
76, 117, 0.0465797800717766
76, 118, 0.04602479450365
76, 119, 0.0454209592361157
76, 120, 0.0447683129771527
76, 121, 0.0440673074090106
76, 122, 0.0433188139310451
76, 123, 0.0425241254563473
76, 124, 0.0416849533268296
76, 125, 0.0408034195123826
76, 126, 0.0398820443510847
76, 127, 0.0389237301656878
76, 128, 0.0379317411542183
76, 129, 0.0369096799977248
76, 130, 0.0358614616552617
76, 131, 0.0347912848254659
76, 132, 0.0337036015469016
76, 133, 0.0326030853878776
76, 134, 0.0314945986436705
76, 135, 0.0303831589183863
76, 136, 0.0292739054237371
76, 137, 0.0281720652813926
76, 138, 0.0270829200726335
76, 139, 0.0260117728415631
76, 140, 0.0249639157281885
76, 141, 0.023944598386538
76, 142, 0.0229589973309233
76, 143, 0.0220121863499746
76, 144, 0.021109108131793
76, 145, 0.0202545472524855
76, 146, 0.0194531046919793
76, 147, 0.0187091740526367
76, 148, 0.0180269196650845
76, 149, 0.0174102567692968
76, 150, 0.0168628339552365
76, 151, 0.0163880180347632
76, 152, 0.0159888814942147
76, 153, 0.0156681926450087
76, 154, 0.0154284085484856
76, 155, 0.0152716707423805
76, 156, 0.0151998037417728
76, 157, 0.0152143162295151
76, 158, 0.0153164047927237
76, 159, 0.0155069600057035
76, 160, 0.0157865746084461
76, 161, 0.0161555534860856
76, 162, 0.0166139251205177
76, 163, 0.0171614541624693
76, 164, 0.0177976547616858
76, 165, 0.0185218042950729
76, 166, 0.0193329571474608
76, 167, 0.020229958226449
76, 168, 0.0212114559303379
76, 169, 0.022275914334811
76, 170, 0.0234216244178637
76, 171, 0.0246467142012512
76, 172, 0.0259491577481857
76, 173, 0.0273267830188209
76, 174, 0.0287772786449927
76, 175, 0.030298199741663
76, 176, 0.0318869729227556
76, 177, 0.0335409007319481
76, 178, 0.0352571657333645
76, 179, 0.037032834532004
76, 180, 0.0388648620086494
76, 181, 0.0407500960586706
76, 182, 0.0426852831186039
76, 183, 0.0446670747490971
76, 184, 0.0466920355182083
76, 185, 0.0487566523961033
76, 186, 0.050857345831733
76, 187, 0.0529904826353261
76, 188, 0.0551523907386174
76, 189, 0.0573393758490126
76, 190, 0.0595477399556687
76, 191, 0.0617738015860687
76, 192, 0.0640139176525509
76, 193, 0.0662645066706463
76, 194, 0.0685220730764073
76, 195, 0.0707832323193751
76, 196, 0.0730447363627524
76, 197, 0.0753034991837578
76, 198, 0.0775566218362458
76, 199, 0.0798014166153124
76, 200, 0.0820354298507297
76, 201, 0.0842564628532773
76, 202, 0.0864625905458951
76, 203, 0.0886521773304395
76, 204, 0.090823889770702
76, 205, 0.0929767057131315
76, 206, 0.0951099195179991
76, 207, 0.0972231431347465
76, 208, 0.0993163028250804
76, 209, 0.101389631414679
76, 210, 0.103443656037567
76, 211, 0.105479181424582
76, 212, 0.10749726887674
76, 213, 0.109499211153675
76, 214, 0.111486503594228
76, 215, 0.113460811868501
76, 216, 0.115423936835889
76, 217, 0.117377777049665
76, 218, 0.119324289503534
76, 219, 0.121265449257712
76, 220, 0.123203208609903
76, 221, 0.125139456489395
76, 222, 0.12707597874962
76, 223, 0.129014420016156
76, 224, 0.130956247713575
76, 225, 0.132902718846802
76, 226, 0.134854850052164
76, 227, 0.136813391361769
76, 228, 0.138778804044447
76, 229, 0.140751242799566
76, 230, 0.142730542489034
76, 231, 0.144716209500459
76, 232, 0.146707417743106
76, 233, 0.148703009190577
76, 234, 0.150701498802119
76, 235, 0.152701083580232
76, 236, 0.154699655457224
76, 237, 0.156694817648985
76, 238, 0.158683904071221
76, 239, 0.160664001382171
76, 240, 0.162631973196527
76, 241, 0.164584486007496
76, 242, 0.166518036357003
76, 243, 0.16842897880722
76, 244, 0.170313554288332
76, 245, 0.172167918426966
76, 246, 0.173988169495021
76, 247, 0.175770375658728
76, 248, 0.177510601250877
76, 249, 0.179204931834046
76, 250, 0.180849497867922
76, 251, 0.182440496838395
76, 252, 0.183974213748788
76, 253, 0.185447039913718
76, 254, 0.18685549003283
76, 255, 0.188196217554568
76, 256, 0.189466028368834
76, 257, 0.190661892891753
76, 258, 0.191780956625536
76, 259, 0.192820549291969
76, 260, 0.19377819264917
76, 261, 0.194651607108513
76, 262, 0.195438717271986
76, 263, 0.196137656510346
76, 264, 0.196746770699361
76, 265, 0.197264621225748
76, 266, 0.19768998736634
76, 267, 0.19802186813391
76, 268, 0.198259483671436
76, 269, 0.198402276263373
76, 270, 0.198449911018446
76, 271, 0.198402276263373
76, 272, 0.198259483671435
76, 273, 0.198021868133911
76, 274, 0.197689987366339
76, 275, 0.197264621225748
76, 276, 0.19674677069936
76, 277, 0.196137656510346
76, 278, 0.195438717271986
76, 279, 0.194651607108513
76, 280, 0.19377819264917
76, 281, 0.192820549291969
76, 282, 0.191780956625536
76, 283, 0.190661892891753
76, 284, 0.189466028368834
76, 285, 0.188196217554567
76, 286, 0.186855490032831
76, 287, 0.185447039913718
76, 288, 0.183974213748788
76, 289, 0.182440496838394
76, 290, 0.180849497867922
76, 291, 0.179204931834046
76, 292, 0.177510601250877
76, 293, 0.175770375658727
76, 294, 0.173988169495021
76, 295, 0.172167918426967
76, 296, 0.170313554288333
76, 297, 0.16842897880722
76, 298, 0.166518036357003
76, 299, 0.164584486007496
76, 300, 0.162631973196527
76, 301, 0.160664001382171
76, 302, 0.158683904071221
76, 303, 0.156694817648985
76, 304, 0.154699655457224
76, 305, 0.152701083580233
76, 306, 0.150701498802119
76, 307, 0.148703009190577
76, 308, 0.146707417743106
76, 309, 0.144716209500458
76, 310, 0.142730542489034
76, 311, 0.140751242799566
76, 312, 0.138778804044448
76, 313, 0.136813391361768
76, 314, 0.134854850052163
76, 315, 0.132902718846802
76, 316, 0.130956247713575
76, 317, 0.129014420016156
76, 318, 0.127075978749619
76, 319, 0.125139456489395
76, 320, 0.123203208609904
76, 321, 0.121265449257712
76, 322, 0.119324289503535
76, 323, 0.117377777049665
76, 324, 0.115423936835889
76, 325, 0.113460811868501
76, 326, 0.111486503594229
76, 327, 0.109499211153675
76, 328, 0.107497268876741
76, 329, 0.105479181424582
76, 330, 0.103443656037567
76, 331, 0.101389631414679
76, 332, 0.0993163028250805
76, 333, 0.097223143134746
76, 334, 0.095109919517999
76, 335, 0.0929767057131309
76, 336, 0.0908238897707013
76, 337, 0.0886521773304397
76, 338, 0.0864625905458954
76, 339, 0.0842564628532773
76, 340, 0.0820354298507296
76, 341, 0.0798014166153123
76, 342, 0.0775566218362462
76, 343, 0.0753034991837577
76, 344, 0.0730447363627523
76, 345, 0.0707832323193754
76, 346, 0.0685220730764073
76, 347, 0.0662645066706466
76, 348, 0.0640139176525508
76, 349, 0.0617738015860689
76, 350, 0.0595477399556688
76, 351, 0.0573393758490128
76, 352, 0.0551523907386173
76, 353, 0.0529904826353262
76, 354, 0.0508573458317332
76, 355, 0.0487566523961034
76, 356, 0.0466920355182086
76, 357, 0.044667074749097
76, 358, 0.042685283118604
76, 359, 0.040750096058671
76, 360, 0.0388648620086497
77, 0, 0.036094599986634
77, 1, 0.0343956643843697
77, 2, 0.0327501142435802
77, 3, 0.0311608519833422
77, 4, 0.0296306651293572
77, 5, 0.0281622222403943
77, 6, 0.0267580691514606
77, 7, 0.0254206252553567
77, 8, 0.0241521795583468
77, 9, 0.0229548862696113
77, 10, 0.0218307597173481
77, 11, 0.0207816684259912
77, 12, 0.0198093282377391
77, 13, 0.0189152944159013
77, 14, 0.0181009527256271
77, 15, 0.0173675095473252
77, 16, 0.0167159811372423
77, 17, 0.0161471822059679
77, 18, 0.0156617140367553
77, 19, 0.0152599524093193
77, 20, 0.0149420356292736
77, 21, 0.0147078529869918
77, 22, 0.0145570339813019
77, 23, 0.0144889386424167
77, 24, 0.014502649274873
77, 25, 0.0145969639155783
77, 26, 0.0147703917656017
77, 27, 0.0150211508088745
77, 28, 0.0153471677787982
77, 29, 0.0157460805775671
77, 30, 0.0162152431957001
77, 31, 0.0167517331237753
77, 32, 0.0173523611975037
77, 33, 0.018013683773511
77, 34, 0.0187320170984847
77, 35, 0.0195034537100129
77, 36, 0.0203238806939807
77, 37, 0.0211889996205462
77, 38, 0.0220943479873462
77, 39, 0.0230353220128258
77, 40, 0.0240072006419268
77, 41, 0.0250051706478818
77, 42, 0.0260243527343567
77, 43, 0.0270598285585256
77, 44, 0.0281066686050274
77, 45, 0.0291599608407875
77, 46, 0.0302148400698623
77, 47, 0.0312665178851
77, 48, 0.032310313079851
77, 49, 0.0333416823395673
77, 50, 0.0343562509822048
77, 51, 0.0353498434610039
77, 52, 0.0363185132872341
77, 53, 0.0372585719778735
77, 54, 0.038166616588171
77, 55, 0.0390395553554925
77, 56, 0.039874630962163
77, 57, 0.040669440923896
77, 58, 0.0414219546284409
77, 59, 0.0421305265869763
77, 60, 0.0427939055178982
77, 61, 0.0434112389574108
77, 62, 0.0439820731810529
77, 63, 0.0445063483214368
77, 64, 0.0449843886759402
77, 65, 0.0454168883093371
77, 66, 0.0458048921657081
77, 67, 0.046149773006981
77, 68, 0.0464532045879697
77, 69, 0.046717131556298
77, 70, 0.0469437366273723
77, 71, 0.0471354056277096
77, 72, 0.0472946910234921
77, 73, 0.0474242745551875
77, 74, 0.0475269295843299
77, 75, 0.0476054837267361
77, 76, 0.0476627822998743
77, 77, 0.0477016530536859
77, 78, 0.0477248725870106
77, 79, 0.0477351347793021
77, 80, 0.0477350214929
77, 81, 0.0477269757280143
77, 82, 0.0477132773436232
77, 83, 0.0476960213954563
77, 84, 0.0476770990889089
77, 85, 0.0476581813019739
77, 86, 0.0476407046017228
77, 87, 0.0476258596581298
77, 88, 0.0476145819507297
77, 89, 0.0476075446660798
77, 90, 0.0476051536959606
77, 91, 0.0476075446660799
77, 92, 0.0476145819507298
77, 93, 0.04762585965813
77, 94, 0.0476407046017227
77, 95, 0.0476581813019741
77, 96, 0.0476770990889093
77, 97, 0.0476960213954559
77, 98, 0.0477132773436233
77, 99, 0.0477269757280136
77, 100, 0.0477350214929002
77, 101, 0.0477351347793018
77, 102, 0.0477248725870107
77, 103, 0.0477016530536857
77, 104, 0.0476627822998742
77, 105, 0.047605483726737
77, 106, 0.0475269295843301
77, 107, 0.0474242745551874
77, 108, 0.0472946910234922
77, 109, 0.04713540562771
77, 110, 0.0469437366273721
77, 111, 0.0467171315562983
77, 112, 0.0464532045879701
77, 113, 0.0461497730069812
77, 114, 0.0458048921657082
77, 115, 0.0454168883093379
77, 116, 0.0449843886759404
77, 117, 0.0445063483214366
77, 118, 0.0439820731810531
77, 119, 0.0434112389574108
77, 120, 0.0427939055178984
77, 121, 0.0421305265869762
77, 122, 0.0414219546284407
77, 123, 0.0406694409238961
77, 124, 0.0398746309621633
77, 125, 0.0390395553554922
77, 126, 0.038166616588171
77, 127, 0.0372585719778736
77, 128, 0.0363185132872343
77, 129, 0.0353498434610035
77, 130, 0.0343562509822047
77, 131, 0.0333416823395675
77, 132, 0.032310313079851
77, 133, 0.0312665178851
77, 134, 0.0302148400698624
77, 135, 0.0291599608407875
77, 136, 0.0281066686050275
77, 137, 0.0270598285585254
77, 138, 0.0260243527343567
77, 139, 0.0250051706478817
77, 140, 0.0240072006419266
77, 141, 0.0230353220128259
77, 142, 0.0220943479873464
77, 143, 0.0211889996205462
77, 144, 0.0203238806939808
77, 145, 0.0195034537100128
77, 146, 0.0187320170984846
77, 147, 0.0180136837735111
77, 148, 0.0173523611975038
77, 149, 0.0167517331237752
77, 150, 0.0162152431957002
77, 151, 0.0157460805775671
77, 152, 0.0153471677787981
77, 153, 0.0150211508088746
77, 154, 0.0147703917656017
77, 155, 0.0145969639155782
77, 156, 0.014502649274873
77, 157, 0.0144889386424168
77, 158, 0.0145570339813019
77, 159, 0.0147078529869919
77, 160, 0.0149420356292736
77, 161, 0.0152599524093193
77, 162, 0.0156617140367554
77, 163, 0.016147182205968
77, 164, 0.0167159811372424
77, 165, 0.017367509547325
77, 166, 0.018100952725627
77, 167, 0.0189152944159014
77, 168, 0.0198093282377391
77, 169, 0.020781668425991
77, 170, 0.021830759717348
77, 171, 0.0229548862696114
77, 172, 0.0241521795583469
77, 173, 0.0254206252553566
77, 174, 0.0267580691514605
77, 175, 0.0281622222403944
77, 176, 0.0296306651293573
77, 177, 0.0311608519833421
77, 178, 0.0327501142435803
77, 179, 0.0343956643843696
77, 180, 0.036094599986634
77, 181, 0.037843908410543
77, 182, 0.039640472343497
77, 183, 0.0414810764840531
77, 184, 0.0433624155975582
77, 185, 0.045281104146131
77, 186, 0.0472336876551675
77, 187, 0.0492166559318343
77, 188, 0.0512264581992475
77, 189, 0.0532595201545011
77, 190, 0.0553122629006853
77, 191, 0.0573811236439237
77, 192, 0.0594625779875213
77, 193, 0.0615531635979821
77, 194, 0.0636495049631201
77, 195, 0.0657483389121765
77, 196, 0.0678465405228107
77, 197, 0.0699411490013834
77, 198, 0.072029393092061
77, 199, 0.0741087155479793
77, 200, 0.0761767961848339
77, 201, 0.0782315730346027
77, 202, 0.0802712611250886
77, 203, 0.0822943684300597
77, 204, 0.0842997085650216
77, 205, 0.0862864098449608
77, 206, 0.0882539203723803
77, 207, 0.090202008885881
77, 208, 0.0921307611704669
77, 209, 0.0940405719093932
77, 210, 0.0959321319420863
77, 211, 0.0978064109817443
77, 212, 0.0996646359374726
77, 213, 0.101508265077084
77, 214, 0.103338958355602
77, 215, 0.105158544318683
77, 216, 0.106968984067194
77, 217, 0.108772332836914
77, 218, 0.110570699803625
77, 219, 0.112366206766999
77, 220, 0.114160946395352
77, 221, 0.115956940726333
77, 222, 0.11775610061573
77, 223, 0.119560186807474
77, 224, 0.121370773263302
77, 225, 0.123189213341289
77, 226, 0.125016609350034
77, 227, 0.126853785931464
77, 228, 0.128701267642345
77, 229, 0.130559261014889
77, 230, 0.132427641283125
77, 231, 0.134305943866505
77, 232, 0.136193360608213
77, 233, 0.138088740675412
77, 234, 0.139990595944385
77, 235, 0.141897110617315
77, 236, 0.143806154750914
77, 237, 0.145715301321527
77, 238, 0.147621846407561
77, 239, 0.149522832038582
77, 240, 0.15141507124116
77, 241, 0.153295174804237
77, 242, 0.155159579290669
77, 243, 0.157004575835769
77, 244, 0.158826339296823
77, 245, 0.160620957348444
77, 246, 0.162384459155541
77, 247, 0.164112843297462
77, 248, 0.165802104661477
77, 249, 0.167448260070393
77, 250, 0.169047372455722
77, 251, 0.170595573433807
77, 252, 0.172089084186228
77, 253, 0.17352423458697
77, 254, 0.174897480556446
77, 255, 0.176205419656116
77, 256, 0.177444804966654
77, 257, 0.178612557317298
77, 258, 0.179705775954103
77, 259, 0.180721747750328
77, 260, 0.181657955073374
77, 261, 0.182512082429708
77, 262, 0.183282022012471
77, 263, 0.183965878276171
77, 264, 0.184561971659588
77, 265, 0.185068841571867
77, 266, 0.18548524874836
77, 267, 0.185810177072311
77, 268, 0.186042834946327
77, 269, 0.186182656284077
77, 270, 0.186229301178088
77, 271, 0.186182656284077
77, 272, 0.186042834946327
77, 273, 0.185810177072311
77, 274, 0.18548524874836
77, 275, 0.185068841571866
77, 276, 0.184561971659589
77, 277, 0.183965878276171
77, 278, 0.183282022012472
77, 279, 0.182512082429709
77, 280, 0.181657955073374
77, 281, 0.180721747750328
77, 282, 0.179705775954103
77, 283, 0.178612557317298
77, 284, 0.177444804966653
77, 285, 0.176205419656116
77, 286, 0.174897480556446
77, 287, 0.17352423458697
77, 288, 0.172089084186229
77, 289, 0.170595573433807
77, 290, 0.169047372455722
77, 291, 0.167448260070393
77, 292, 0.165802104661477
77, 293, 0.164112843297461
77, 294, 0.162384459155541
77, 295, 0.160620957348443
77, 296, 0.158826339296824
77, 297, 0.157004575835768
77, 298, 0.155159579290669
77, 299, 0.153295174804238
77, 300, 0.151415071241161
77, 301, 0.149522832038582
77, 302, 0.147621846407561
77, 303, 0.145715301321527
77, 304, 0.143806154750914
77, 305, 0.141897110617315
77, 306, 0.139990595944386
77, 307, 0.138088740675412
77, 308, 0.136193360608213
77, 309, 0.134305943866505
77, 310, 0.132427641283125
77, 311, 0.130559261014889
77, 312, 0.128701267642346
77, 313, 0.126853785931464
77, 314, 0.125016609350033
77, 315, 0.123189213341289
77, 316, 0.121370773263302
77, 317, 0.119560186807475
77, 318, 0.11775610061573
77, 319, 0.115956940726333
77, 320, 0.114160946395351
77, 321, 0.112366206767
77, 322, 0.110570699803624
77, 323, 0.108772332836915
77, 324, 0.106968984067194
77, 325, 0.105158544318683
77, 326, 0.103338958355602
77, 327, 0.101508265077084
77, 328, 0.0996646359374729
77, 329, 0.0978064109817445
77, 330, 0.0959321319420862
77, 331, 0.094040571909393
77, 332, 0.0921307611704671
77, 333, 0.0902020088858806
77, 334, 0.0882539203723803
77, 335, 0.0862864098449608
77, 336, 0.0842997085650217
77, 337, 0.08229436843006
77, 338, 0.0802712611250885
77, 339, 0.0782315730346026
77, 340, 0.0761767961848339
77, 341, 0.0741087155479796
77, 342, 0.0720293930920615
77, 343, 0.0699411490013833
77, 344, 0.0678465405228109
77, 345, 0.0657483389121765
77, 346, 0.0636495049631198
77, 347, 0.0615531635979821
77, 348, 0.0594625779875218
77, 349, 0.0573811236439234
77, 350, 0.0553122629006854
77, 351, 0.0532595201545009
77, 352, 0.0512264581992476
77, 353, 0.0492166559318341
77, 354, 0.0472336876551677
77, 355, 0.0452811041461314
77, 356, 0.0433624155975581
77, 357, 0.0414810764840532
77, 358, 0.039640472343497
77, 359, 0.0378439084105433
77, 360, 0.0360945999866339
78, 0, 0.0332330515969715
78, 1, 0.0316714847067215
78, 2, 0.0301599086603052
78, 3, 0.0287010683803712
78, 4, 0.0272975923311853
78, 5, 0.0259519885955827
78, 6, 0.0246666413590093
78, 7, 0.0234438075320254
78, 8, 0.0222856132558923
78, 9, 0.021194050058697
78, 10, 0.0201709704613122
78, 11, 0.0192180828724484
78, 12, 0.0183369456588894
78, 13, 0.0175289603291619
78, 14, 0.0167953638245388
78, 15, 0.0161372199683755
78, 16, 0.0155554101810616
78, 17, 0.0150506236211148
78, 18, 0.0146233469608057
78, 19, 0.0142738540451046
78, 20, 0.0140021957137818
78, 21, 0.0138081900866269
78, 22, 0.0136914136199594
78, 23, 0.0136511932383281
78, 24, 0.0136865998286559
78, 25, 0.0137964433558198
78, 26, 0.0139792698201086
78, 27, 0.0142333602301476
78, 28, 0.0145567317121616
78, 29, 0.0149471408206841
78, 30, 0.0154020890600564
78, 31, 0.0159188305733257
78, 32, 0.016494381908355
78, 33, 0.0171255337325621
78, 34, 0.0178088643396751
78, 35, 0.018540754775412
78, 36, 0.0193174054044485
78, 37, 0.0201348537479247
78, 38, 0.0209889934376236
78, 39, 0.0218755941576664
78, 40, 0.0227903224741881
78, 41, 0.0237287634846702
78, 42, 0.0246864432478138
78, 43, 0.0256588519785291
78, 44, 0.0266414680076047
78, 45, 0.0276297825092904
78, 46, 0.0286193249906408
78, 47, 0.0296056895132197
78, 48, 0.0305845615810354
78, 49, 0.0315517455797928
78, 50, 0.03250319259423
78, 51, 0.0334350283658869
78, 52, 0.0343435810872133
78, 53, 0.0352254086640037
78, 54, 0.036077325021324
78, 55, 0.0368964249827724
78, 56, 0.0376801072229474
78, 57, 0.0384260947814073
78, 58, 0.0391324526352219
78, 59, 0.0397976018573497
78, 60, 0.0404203299390898
78, 61, 0.0409997969252645
78, 62, 0.0415355370979287
78, 63, 0.0420274560446362
78, 64, 0.0424758230564263
78, 65, 0.0428812589139507
78, 66, 0.0432447192326694
78, 67, 0.0435674736450862
78, 68, 0.0438510811951709
78, 69, 0.0440973624036437
78, 70, 0.0443083685297657
78, 71, 0.0444863486034747
78, 72, 0.0446337148301629
78, 73, 0.0447530069788178
78, 74, 0.0448468563535259
78, 75, 0.0449179499199908
78, 76, 0.0449689951150965
78, 77, 0.0450026858114934
78, 78, 0.0450216698438423
78, 79, 0.0450285184322545
78, 80, 0.0450256977649333
78, 81, 0.0450155429293626
78, 82, 0.0450002343127046
78, 83, 0.0449817765298318
78, 84, 0.0449619798838931
78, 85, 0.0449424443209861
78, 86, 0.0449245458084287
78, 87, 0.0449094250456489
78, 88, 0.0448979784076901
78, 89, 0.0448908510230123
78, 90, 0.0448884318984278
78, 91, 0.0448908510230124
78, 92, 0.0448979784076899
78, 93, 0.0449094250456489
78, 94, 0.044924545808429
78, 95, 0.0449424443209862
78, 96, 0.0449619798838932
78, 97, 0.0449817765298316
78, 98, 0.0450002343127043
78, 99, 0.0450155429293626
78, 100, 0.045025697764933
78, 101, 0.0450285184322545
78, 102, 0.0450216698438419
78, 103, 0.0450026858114934
78, 104, 0.0449689951150963
78, 105, 0.0449179499199907
78, 106, 0.0448468563535261
78, 107, 0.044753006978818
78, 108, 0.044633714830163
78, 109, 0.0444863486034747
78, 110, 0.044308368529766
78, 111, 0.044097362403644
78, 112, 0.0438510811951707
78, 113, 0.0435674736450865
78, 114, 0.0432447192326692
78, 115, 0.0428812589139509
78, 116, 0.042475823056426
78, 117, 0.0420274560446363
78, 118, 0.0415355370979291
78, 119, 0.0409997969252645
78, 120, 0.0404203299390895
78, 121, 0.0397976018573499
78, 122, 0.0391324526352216
78, 123, 0.0384260947814073
78, 124, 0.0376801072229476
78, 125, 0.036896424982772
78, 126, 0.036077325021324
78, 127, 0.0352254086640037
78, 128, 0.0343435810872132
78, 129, 0.0334350283658869
78, 130, 0.03250319259423
78, 131, 0.0315517455797927
78, 132, 0.0305845615810352
78, 133, 0.0296056895132197
78, 134, 0.028619324990641
78, 135, 0.0276297825092903
78, 136, 0.0266414680076046
78, 137, 0.0256588519785291
78, 138, 0.0246864432478138
78, 139, 0.0237287634846702
78, 140, 0.0227903224741879
78, 141, 0.0218755941576665
78, 142, 0.0209889934376237
78, 143, 0.0201348537479246
78, 144, 0.0193174054044484
78, 145, 0.0185407547754119
78, 146, 0.0178088643396752
78, 147, 0.0171255337325621
78, 148, 0.016494381908355
78, 149, 0.0159188305733258
78, 150, 0.0154020890600563
78, 151, 0.0149471408206839
78, 152, 0.0145567317121615
78, 153, 0.0142333602301475
78, 154, 0.0139792698201086
78, 155, 0.0137964433558197
78, 156, 0.0136865998286559
78, 157, 0.0136511932383281
78, 158, 0.0136914136199595
78, 159, 0.0138081900866267
78, 160, 0.0140021957137818
78, 161, 0.0142738540451047
78, 162, 0.0146233469608057
78, 163, 0.0150506236211148
78, 164, 0.0155554101810615
78, 165, 0.0161372199683754
78, 166, 0.0167953638245387
78, 167, 0.0175289603291617
78, 168, 0.0183369456588893
78, 169, 0.0192180828724483
78, 170, 0.0201709704613122
78, 171, 0.0211940500586968
78, 172, 0.0222856132558923
78, 173, 0.0234438075320254
78, 174, 0.0246666413590094
78, 175, 0.0259519885955826
78, 176, 0.0272975923311852
78, 177, 0.0287010683803711
78, 178, 0.0301599086603052
78, 179, 0.0316714847067214
78, 180, 0.0332330515969714
78, 181, 0.0348417525521972
78, 182, 0.0364946244843161
78, 183, 0.038188604737686
78, 184, 0.0399205392506496
78, 185, 0.0416871923293534
78, 186, 0.0434852581862818
78, 187, 0.0453113743498956
78, 188, 0.0471621370007456
78, 189, 0.0490341182347711
78, 190, 0.050923885197352
78, 191, 0.0528280209735011
78, 192, 0.0547431470615324
78, 193, 0.0566659472010662
78, 194, 0.0585931922724927
78, 195, 0.0605217659353608
78, 196, 0.0624486906287338
78, 197, 0.0643711535185348
78, 198, 0.066286531946392
78, 199, 0.0681924179124032
78, 200, 0.0700866411115417
78, 201, 0.0719672900407707
78, 202, 0.0738327307019378
78, 203, 0.0756816224445783
78, 204, 0.0775129305229387
78, 205, 0.0793259349828862
78, 206, 0.0811202355463572
78, 207, 0.0828957522231252
78, 208, 0.0846527214508406
78, 209, 0.0863916876432855
78, 210, 0.0881134901121151
78, 211, 0.0898192454169822
78, 212, 0.0915103252910592
78, 213, 0.09318833038106
78, 214, 0.094855060130767
78, 215, 0.0965124792221653
78, 216, 0.0981626810663271
78, 217, 0.0998078489047654
78, 218, 0.101450215139069
78, 219, 0.103092019550421
78, 220, 0.1047354670996
78, 221, 0.106382686011362
78, 222, 0.108035686843995
78, 223, 0.109696323225452
78, 224, 0.111366254902156
78, 225, 0.113046913696435
78, 226, 0.114739472904889
78, 227, 0.116444820594876
78, 228, 0.118163537171827
78, 229, 0.119895877498805
78, 230, 0.121641757754276
78, 231, 0.123400747117217
78, 232, 0.125172064273088
78, 233, 0.126954578642463
78, 234, 0.128746816148608
78, 235, 0.130546969262989
78, 236, 0.132352911000369
78, 237, 0.134162212479034
78, 238, 0.135972163617681
78, 239, 0.137779796509005
78, 240, 0.139581910991049
78, 241, 0.141375101930597
78, 242, 0.143155787737493
78, 243, 0.144920239643823
78, 244, 0.146664611306072
78, 245, 0.148384968320294
78, 246, 0.150077317278474
78, 247, 0.151737634037003
78, 248, 0.153361890914093
78, 249, 0.154946082580373
78, 250, 0.156486250454645
78, 251, 0.157978505463483
78, 252, 0.159419049067965
78, 253, 0.160804192502594
78, 254, 0.162130374209465
78, 255, 0.163394175484715
78, 256, 0.164592334383662
78, 257, 0.165721757955842
78, 258, 0.166779532901179
78, 259, 0.167762934753986
78, 260, 0.168669435712491
78, 261, 0.169496711238412
78, 262, 0.170242645554114
78, 263, 0.170905336164336
78, 264, 0.171483097525902
78, 265, 0.171974463982406
78, 266, 0.172378192072184
78, 267, 0.172693262307124
78, 268, 0.172918880507465
78, 269, 0.173054478764013
78, 270, 0.173099716084348
78, 271, 0.173054478764013
78, 272, 0.172918880507465
78, 273, 0.172693262307124
78, 274, 0.172378192072184
78, 275, 0.171974463982406
78, 276, 0.171483097525902
78, 277, 0.170905336164336
78, 278, 0.170242645554114
78, 279, 0.169496711238412
78, 280, 0.16866943571249
78, 281, 0.167762934753986
78, 282, 0.166779532901179
78, 283, 0.165721757955843
78, 284, 0.164592334383662
78, 285, 0.163394175484714
78, 286, 0.162130374209464
78, 287, 0.160804192502595
78, 288, 0.159419049067966
78, 289, 0.157978505463483
78, 290, 0.156486250454645
78, 291, 0.154946082580372
78, 292, 0.153361890914094
78, 293, 0.151737634037003
78, 294, 0.150077317278474
78, 295, 0.148384968320294
78, 296, 0.146664611306072
78, 297, 0.144920239643823
78, 298, 0.143155787737493
78, 299, 0.141375101930597
78, 300, 0.139581910991049
78, 301, 0.137779796509005
78, 302, 0.135972163617681
78, 303, 0.134162212479034
78, 304, 0.13235291100037
78, 305, 0.130546969262989
78, 306, 0.128746816148608
78, 307, 0.126954578642463
78, 308, 0.125172064273088
78, 309, 0.123400747117217
78, 310, 0.121641757754276
78, 311, 0.119895877498805
78, 312, 0.118163537171827
78, 313, 0.116444820594876
78, 314, 0.11473947290489
78, 315, 0.113046913696436
78, 316, 0.111366254902156
78, 317, 0.109696323225452
78, 318, 0.108035686843996
78, 319, 0.106382686011361
78, 320, 0.104735467099599
78, 321, 0.103092019550421
78, 322, 0.10145021513907
78, 323, 0.0998078489047652
78, 324, 0.0981626810663269
78, 325, 0.0965124792221651
78, 326, 0.0948550601307669
78, 327, 0.0931883303810605
78, 328, 0.0915103252910592
78, 329, 0.089819245416982
78, 330, 0.0881134901121149
78, 331, 0.0863916876432859
78, 332, 0.0846527214508401
78, 333, 0.0828957522231259
78, 334, 0.0811202355463567
78, 335, 0.0793259349828861
78, 336, 0.0775129305229386
78, 337, 0.0756816224445781
78, 338, 0.0738327307019378
78, 339, 0.0719672900407704
78, 340, 0.0700866411115417
78, 341, 0.0681924179124036
78, 342, 0.0662865319463921
78, 343, 0.0643711535185347
78, 344, 0.0624486906287342
78, 345, 0.0605217659353613
78, 346, 0.0585931922724928
78, 347, 0.0566659472010662
78, 348, 0.0547431470615326
78, 349, 0.0528280209735009
78, 350, 0.050923885197352
78, 351, 0.0490341182347708
78, 352, 0.0471621370007458
78, 353, 0.0453113743498955
78, 354, 0.0434852581862819
78, 355, 0.0416871923293534
78, 356, 0.0399205392506497
78, 357, 0.0381886047376863
78, 358, 0.036494624484316
78, 359, 0.0348417525521976
78, 360, 0.0332330515969714
79, 0, 0.0302744364319525
79, 1, 0.0288545675377164
79, 2, 0.027480882407546
79, 3, 0.0261559517550563
79, 4, 0.0248822301201211
79, 5, 0.0236620520948864
79, 6, 0.0224976290320835
79, 7, 0.0213910459801741
79, 8, 0.0203442586022667
79, 9, 0.0193590898573296
79, 10, 0.0184372262524823
79, 11, 0.0175802135131011
79, 12, 0.0167894515619933
79, 13, 0.0160661887483736
79, 14, 0.0154115153200647
79, 15, 0.0148263561861933
79, 16, 0.0143114630704912
79, 17, 0.0138674062048886
79, 18, 0.0134945657572113
79, 19, 0.0131931232233665
79, 20, 0.0129630530416347
79, 21, 0.0128041147031327
79, 22, 0.0127158456371859
79, 23, 0.0126975551428618
79, 24, 0.0127483196184467
79, 25, 0.0128669793100721
79, 26, 0.0130521367604785
79, 27, 0.0133021570911513
79, 28, 0.0136151701983085
79, 29, 0.0139890748884292
79, 30, 0.0144215449252913
79, 31, 0.0149100369109597
79, 32, 0.0154517998807623
79, 33, 0.0160438864594758
79, 34, 0.0166831654046362
79, 35, 0.0173663353541663
79, 36, 0.0180899395996188
79, 37, 0.0188503817225281
79, 38, 0.0196439419579972
79, 39, 0.0204667941842091
79, 40, 0.0213150234758169
79, 41, 0.0221846441994658
79, 42, 0.0230716186670738
79, 43, 0.0239718763931192
79, 44, 0.0248813340225522
79, 45, 0.0257959160032033
79, 46, 0.026711576068791
79, 47, 0.0276243195749477
79, 48, 0.0285302266914079
79, 49, 0.0294254764001845
79, 50, 0.0303063711848747
79, 51, 0.0311693622238373
79, 52, 0.0320110748242799
79, 53, 0.0328283337601848
79, 54, 0.0336181881094457
79, 55, 0.0343779351293737
79, 56, 0.0351051426691261
79, 57, 0.0357976695959704
79, 58, 0.0364536837119779
79, 59, 0.0370716766598892
79, 60, 0.0376504753612753
79, 61, 0.0381892495953655
79, 62, 0.0386875154103592
79, 63, 0.0391451341571351
79, 64, 0.0395623070435947
79, 65, 0.0399395652216971
79, 66, 0.0402777555333498
79, 67, 0.0405780221509979
79, 68, 0.0408417844492145
79, 69, 0.0410707115310627
79, 70, 0.041266693904147
79, 71, 0.0414318128539526
79, 72, 0.0415683080949436
79, 73, 0.0416785442927059
79, 74, 0.0417649770438165
79, 75, 0.041830118875683
79, 76, 0.0418765057884394
79, 77, 0.0419066648080872
79, 78, 0.0419230829574476
79, 79, 0.0419281779826645
79, 80, 0.0419242711013644
79, 81, 0.0419135619673864
79, 82, 0.041898105979393
79, 83, 0.0418797939991622
79, 84, 0.041860334492208
79, 85, 0.0418412380601154
79, 86, 0.041823804301669
79, 87, 0.0418091109189047
79, 88, 0.0417980049745012
79, 89, 0.0417910962076841
79, 90, 0.0417887523259426
79, 91, 0.0417910962076838
79, 92, 0.0417980049745013
79, 93, 0.0418091109189048
79, 94, 0.0418238043016688
79, 95, 0.0418412380601153
79, 96, 0.0418603344922078
79, 97, 0.0418797939991619
79, 98, 0.0418981059793932
79, 99, 0.0419135619673866
79, 100, 0.0419242711013643
79, 101, 0.0419281779826648
79, 102, 0.0419230829574468
79, 103, 0.0419066648080871
79, 104, 0.0418765057884395
79, 105, 0.0418301188756828
79, 106, 0.0417649770438165
79, 107, 0.0416785442927055
79, 108, 0.0415683080949441
79, 109, 0.0414318128539527
79, 110, 0.0412666939041472
79, 111, 0.0410707115310627
79, 112, 0.0408417844492147
79, 113, 0.0405780221509983
79, 114, 0.0402777555333501
79, 115, 0.0399395652216966
79, 116, 0.0395623070435942
79, 117, 0.0391451341571344
79, 118, 0.0386875154103596
79, 119, 0.0381892495953655
79, 120, 0.0376504753612748
79, 121, 0.0370716766598892
79, 122, 0.0364536837119777
79, 123, 0.0357976695959702
79, 124, 0.0351051426691262
79, 125, 0.0343779351293736
79, 126, 0.0336181881094459
79, 127, 0.0328283337601849
79, 128, 0.0320110748242796
79, 129, 0.0311693622238373
79, 130, 0.0303063711848747
79, 131, 0.0294254764001844
79, 132, 0.0285302266914081
79, 133, 0.027624319574948
79, 134, 0.026711576068791
79, 135, 0.0257959160032034
79, 136, 0.0248813340225521
79, 137, 0.023971876393119
79, 138, 0.0230716186670734
79, 139, 0.0221846441994659
79, 140, 0.0213150234758168
79, 141, 0.020466794184209
79, 142, 0.0196439419579972
79, 143, 0.018850381722528
79, 144, 0.0180899395996189
79, 145, 0.0173663353541661
79, 146, 0.0166831654046361
79, 147, 0.0160438864594759
79, 148, 0.0154517998807622
79, 149, 0.0149100369109597
79, 150, 0.0144215449252913
79, 151, 0.0139890748884294
79, 152, 0.0136151701983086
79, 153, 0.0133021570911513
79, 154, 0.0130521367604784
79, 155, 0.0128669793100721
79, 156, 0.0127483196184467
79, 157, 0.0126975551428618
79, 158, 0.0127158456371859
79, 159, 0.0128041147031327
79, 160, 0.0129630530416348
79, 161, 0.0131931232233665
79, 162, 0.0134945657572112
79, 163, 0.0138674062048885
79, 164, 0.0143114630704911
79, 165, 0.0148263561861932
79, 166, 0.0154115153200646
79, 167, 0.0160661887483736
79, 168, 0.0167894515619932
79, 169, 0.017580213513101
79, 170, 0.0184372262524821
79, 171, 0.0193590898573296
79, 172, 0.0203442586022666
79, 173, 0.0213910459801742
79, 174, 0.0224976290320834
79, 175, 0.0236620520948862
79, 176, 0.024882230120121
79, 177, 0.0261559517550564
79, 178, 0.0274808824075459
79, 179, 0.0288545675377165
79, 180, 0.0302744364319526
79, 181, 0.0317378067175845
79, 182, 0.0332418898702123
79, 183, 0.0347837979500324
79, 184, 0.0363605517794026
79, 185, 0.037969090741931
79, 186, 0.0396062843445102
79, 187, 0.0412689456389548
79, 188, 0.0429538465503676
79, 189, 0.0446577351062569
79, 190, 0.0463773545049505
79, 191, 0.0481094639053118
79, 192, 0.0498508607633831
79, 193, 0.0515984044866192
79, 194, 0.0533490411241272
79, 195, 0.0550998287629371
79, 196, 0.0568479632570302
79, 197, 0.0585908038787513
79, 198, 0.0603258984523961
79, 199, 0.0620510075081735
79, 200, 0.0637641269822636
79, 201, 0.0654635089860953
79, 202, 0.0671476801758069
79, 203, 0.0688154572715451
79, 204, 0.0704659593060116
79, 205, 0.0720986162223554
79, 206, 0.0737131734928829
79, 207, 0.0753096924914119
79, 208, 0.0768885464225652
79, 209, 0.0784504116895857
79, 210, 0.0799962546668908
79, 211, 0.0815273139326787
79, 212, 0.0830450781084657
79, 213, 0.0845512595441735
79, 214, 0.086047764176963
79, 215, 0.0875366579769252
79, 216, 0.0890201304706652
79, 217, 0.0905004559023381
79, 218, 0.0919799526488083
79, 219, 0.0934609415493981
79, 220, 0.0949457038397715
79, 221, 0.0964364393927404
79, 222, 0.0979352259657236
79, 223, 0.0994439801350955
79, 224, 0.100964420562231
79, 225, 0.102498034185712
79, 226, 0.104046045870293
79, 227, 0.105609391967782
79, 228, 0.107188698160177
79, 229, 0.108784261863821
79, 230, 0.110396039377491
79, 231, 0.112023637860222
79, 232, 0.113666312128834
79, 233, 0.115322966173184
79, 234, 0.11699215920161
79, 235, 0.118672115951716
79, 236, 0.120360740934471
79, 237, 0.122055636223699
79, 238, 0.123754122359376
79, 239, 0.125453261902086
79, 240, 0.127149885157536
79, 241, 0.128840617583833
79, 242, 0.130521908399416
79, 243, 0.132190059925267
79, 244, 0.133841257219792
79, 245, 0.135471597597321
79, 246, 0.137077119659848
79, 247, 0.138653831514886
79, 248, 0.140197737898613
79, 249, 0.141704865971254
79, 250, 0.143171289599589
79, 251, 0.144593151988355
79, 252, 0.145966686566962
79, 253, 0.147288236079674
79, 254, 0.148554269865348
79, 255, 0.149761399346576
79, 256, 0.150906391777289
79, 257, 0.151986182322403
79, 258, 0.152997884562846
79, 259, 0.153938799534463
79, 260, 0.154806423420004
79, 261, 0.155598454019975
79, 262, 0.156312796130805
79, 263, 0.156947565958097
79, 264, 0.157501094688821
79, 265, 0.157971931339829
79, 266, 0.15835884499116
79, 267, 0.158660826501751
79, 268, 0.158877089792761
79, 269, 0.159007072769822
79, 270, 0.159050437940779
79, 271, 0.159007072769823
79, 272, 0.158877089792762
79, 273, 0.158660826501751
79, 274, 0.158358844991159
79, 275, 0.15797193133983
79, 276, 0.15750109468882
79, 277, 0.156947565958097
79, 278, 0.156312796130805
79, 279, 0.155598454019975
79, 280, 0.154806423420004
79, 281, 0.153938799534463
79, 282, 0.152997884562846
79, 283, 0.151986182322403
79, 284, 0.150906391777289
79, 285, 0.149761399346576
79, 286, 0.148554269865349
79, 287, 0.147288236079674
79, 288, 0.145966686566962
79, 289, 0.144593151988356
79, 290, 0.143171289599589
79, 291, 0.141704865971253
79, 292, 0.140197737898614
79, 293, 0.138653831514886
79, 294, 0.137077119659848
79, 295, 0.135471597597321
79, 296, 0.133841257219792
79, 297, 0.132190059925268
79, 298, 0.130521908399417
79, 299, 0.128840617583833
79, 300, 0.127149885157537
79, 301, 0.125453261902085
79, 302, 0.123754122359376
79, 303, 0.122055636223699
79, 304, 0.120360740934471
79, 305, 0.118672115951716
79, 306, 0.11699215920161
79, 307, 0.115322966173184
79, 308, 0.113666312128833
79, 309, 0.112023637860222
79, 310, 0.11039603937749
79, 311, 0.108784261863821
79, 312, 0.107188698160177
79, 313, 0.105609391967781
79, 314, 0.104046045870294
79, 315, 0.102498034185712
79, 316, 0.100964420562231
79, 317, 0.0994439801350955
79, 318, 0.0979352259657241
79, 319, 0.09643643939274
79, 320, 0.0949457038397712
79, 321, 0.0934609415493986
79, 322, 0.0919799526488084
79, 323, 0.0905004559023388
79, 324, 0.0890201304706658
79, 325, 0.0875366579769252
79, 326, 0.0860477641769631
79, 327, 0.0845512595441741
79, 328, 0.0830450781084658
79, 329, 0.0815273139326789
79, 330, 0.0799962546668908
79, 331, 0.0784504116895856
79, 332, 0.0768885464225649
79, 333, 0.0753096924914121
79, 334, 0.0737131734928828
79, 335, 0.0720986162223554
79, 336, 0.0704659593060116
79, 337, 0.0688154572715453
79, 338, 0.0671476801758071
79, 339, 0.0654635089860956
79, 340, 0.0637641269822635
79, 341, 0.0620510075081736
79, 342, 0.0603258984523961
79, 343, 0.0585908038787508
79, 344, 0.0568479632570303
79, 345, 0.055099828762937
79, 346, 0.0533490411241272
79, 347, 0.0515984044866189
79, 348, 0.0498508607633834
79, 349, 0.0481094639053118
79, 350, 0.0463773545049505
79, 351, 0.0446577351062571
79, 352, 0.0429538465503677
79, 353, 0.0412689456389547
79, 354, 0.0396062843445105
79, 355, 0.037969090741931
79, 356, 0.0363605517794029
79, 357, 0.0347837979500328
79, 358, 0.0332418898702125
79, 359, 0.0317378067175846
79, 360, 0.0302744364319525
80, 0, 0.027216728974468
80, 1, 0.0259427933199261
80, 2, 0.0247108421141087
80, 3, 0.0235232533516753
80, 4, 0.0223822912233572
80, 5, 0.0212901025008949
80, 6, 0.0202487134610403
80, 7, 0.0192600271098176
80, 8, 0.0183258204797477
80, 9, 0.0174477417929606
80, 10, 0.016627307311469
80, 11, 0.0158658977315031
80, 12, 0.0151647540204959
80, 13, 0.014524972641596
80, 14, 0.0139475001597129
80, 15, 0.0134331272731125
80, 16, 0.0129824823633534
80, 17, 0.0125960247017631
80, 18, 0.0122740374905207
80, 19, 0.0120166209488144
80, 20, 0.0118236856777234
80, 21, 0.0116949465501141
80, 22, 0.0116299173730665
80, 23, 0.0116279065598404
80, 24, 0.0116880140264735
80, 25, 0.0118091294957023
80, 26, 0.0119899323496269
80, 27, 0.0122288931245241
80, 28, 0.0125242766891377
80, 29, 0.0128741470945994
80, 30, 0.0132763740330391
80, 31, 0.0137286407960804
80, 32, 0.0142284535866661
80, 33, 0.0147731520105114
80, 34, 0.0153599205587132
80, 35, 0.0159858008916829
80, 36, 0.0166477047466714
80, 37, 0.0173424273158237
80, 38, 0.0180666609770583
80, 39, 0.0188170093033567
80, 40, 0.0195900013238087
80, 41, 0.0203821060580054
80, 42, 0.0211897473899275
80, 43, 0.0220093193842013
80, 44, 0.0228372021728103
80, 45, 0.0236697785509729
80, 46, 0.0245034514148723
80, 47, 0.0253346621503009
80, 48, 0.0261599100403406
80, 49, 0.0269757727035459
80, 50, 0.0277789275045023
80, 51, 0.0285661737999306
80, 52, 0.0293344558003341
80, 53, 0.0300808857446572
80, 54, 0.0308027670088414
80, 55, 0.031497616703588
80, 56, 0.0321631872666156
80, 57, 0.0327974865239056
80, 58, 0.0333987956854797
80, 59, 0.0339656847554516
80, 60, 0.0344970248735152
80, 61, 0.0349919971642791
80, 62, 0.0354500977495216
80, 63, 0.0358711386728597
80, 64, 0.0362552445922158
80, 65, 0.0366028452079148
80, 66, 0.036914663508148
80, 67, 0.0371917000238745
80, 68, 0.0374352133873264
80, 69, 0.0376466975780192
80, 70, 0.0378278563142928
80, 71, 0.0379805751044734
80, 72, 0.0381068915083996
80, 73, 0.0382089641768673
80, 74, 0.0382890412340727
80, 75, 0.0383494285478084
80, 76, 0.0383924583961076
80, 77, 0.0384204589899681
80, 78, 0.0384357252528556
80, 79, 0.0384404911921822
80, 80, 0.0384369041292886
80, 81, 0.0384270009858692
80, 82, 0.0384126867592796
80, 83, 0.0383957152593391
80, 84, 0.0383776721272834
80, 85, 0.0383599601149792
80, 86, 0.0383437865704661
80, 87, 0.0383301530547551
80, 88, 0.0383198470045021
80, 89, 0.0383134353549899
80, 90, 0.0383112600466912
80, 91, 0.03831343535499
80, 92, 0.0383198470045022
80, 93, 0.0383301530547553
80, 94, 0.038343786570466
80, 95, 0.0383599601149792
80, 96, 0.0383776721272829
80, 97, 0.0383957152593387
80, 98, 0.0384126867592797
80, 99, 0.0384270009858695
80, 100, 0.0384369041292886
80, 101, 0.0384404911921822
80, 102, 0.0384357252528555
80, 103, 0.038420458989968
80, 104, 0.0383924583961076
80, 105, 0.0383494285478081
80, 106, 0.0382890412340726
80, 107, 0.0382089641768674
80, 108, 0.0381068915083999
80, 109, 0.0379805751044731
80, 110, 0.0378278563142926
80, 111, 0.0376466975780193
80, 112, 0.0374352133873265
80, 113, 0.0371917000238745
80, 114, 0.0369146635081479
80, 115, 0.0366028452079148
80, 116, 0.0362552445922158
80, 117, 0.0358711386728598
80, 118, 0.0354500977495216
80, 119, 0.034991997164279
80, 120, 0.0344970248735153
80, 121, 0.0339656847554517
80, 122, 0.0333987956854796
80, 123, 0.0327974865239058
80, 124, 0.0321631872666154
80, 125, 0.031497616703588
80, 126, 0.0308027670088414
80, 127, 0.0300808857446574
80, 128, 0.0293344558003341
80, 129, 0.0285661737999306
80, 130, 0.0277789275045022
80, 131, 0.0269757727035459
80, 132, 0.0261599100403406
80, 133, 0.0253346621503009
80, 134, 0.0245034514148723
80, 135, 0.0236697785509729
80, 136, 0.0228372021728104
80, 137, 0.0220093193842013
80, 138, 0.0211897473899276
80, 139, 0.0203821060580056
80, 140, 0.0195900013238086
80, 141, 0.0188170093033568
80, 142, 0.0180666609770583
80, 143, 0.0173424273158236
80, 144, 0.0166477047466713
80, 145, 0.0159858008916828
80, 146, 0.0153599205587132
80, 147, 0.0147731520105113
80, 148, 0.0142284535866661
80, 149, 0.0137286407960803
80, 150, 0.013276374033039
80, 151, 0.0128741470945994
80, 152, 0.0125242766891379
80, 153, 0.0122288931245241
80, 154, 0.0119899323496269
80, 155, 0.0118091294957023
80, 156, 0.0116880140264734
80, 157, 0.0116279065598404
80, 158, 0.0116299173730665
80, 159, 0.0116949465501142
80, 160, 0.0118236856777234
80, 161, 0.0120166209488143
80, 162, 0.0122740374905206
80, 163, 0.0125960247017631
80, 164, 0.0129824823633534
80, 165, 0.0134331272731124
80, 166, 0.0139475001597129
80, 167, 0.014524972641596
80, 168, 0.0151647540204959
80, 169, 0.015865897731503
80, 170, 0.016627307311469
80, 171, 0.0174477417929607
80, 172, 0.0183258204797478
80, 173, 0.0192600271098175
80, 174, 0.0202487134610403
80, 175, 0.0212901025008946
80, 176, 0.022382291223357
80, 177, 0.0235232533516754
80, 178, 0.0247108421141088
80, 179, 0.025942793319926
80, 180, 0.0272167289744679
80, 181, 0.028530161674653
80, 182, 0.0298805000199309
80, 183, 0.0312650552587033
80, 184, 0.0326810493670824
80, 185, 0.0341256247263106
80, 186, 0.0355958555279952
80, 187, 0.0370887609935626
80, 188, 0.0386013204470061
80, 189, 0.0401304902292655
80, 190, 0.0416732223895649
80, 191, 0.0432264850349617
80, 192, 0.0447872841654286
80, 193, 0.0463526867691672
80, 194, 0.0479198449027768
80, 195, 0.0494860204344905
80, 196, 0.0510486100871028
80, 197, 0.0526051703815352
80, 198, 0.0541534420532568
80, 199, 0.0556913734929151
80, 200, 0.0572171427504827
80, 201, 0.0587291776396379
80, 202, 0.0602261734866222
80, 203, 0.0617071080858635
80, 204, 0.0631712534534113
80, 205, 0.0646181840086998
80, 206, 0.066047780864966
80, 207, 0.0674602319683704
80, 208, 0.0688560278944092
80, 209, 0.0702359531865832
80, 210, 0.071601073204869
80, 211, 0.0729527165386395
80, 212, 0.0742924531282592
80, 213, 0.0756220683294627
80, 214, 0.0769435332424175
80, 215, 0.0782589717107752
80, 216, 0.079570624472482
80, 217, 0.0808808110115629
80, 218, 0.0821918897162352
80, 219, 0.0835062169918495
80, 220, 0.0848261060057892
80, 221, 0.0861537857545519
80, 222, 0.0874913611401862
80, 223, 0.0888407747240767
80, 224, 0.0902037707911028
80, 225, 0.0915818623075401
80, 226, 0.0929763012930167
80, 227, 0.0943880530524035
80, 228, 0.095817774629818
80, 229, 0.0972657977564705
80, 230, 0.0987321164696125
80, 231, 0.100216379483969
80, 232, 0.101717887302585
80, 233, 0.103235593963433
80, 234, 0.104768113233851
80, 235, 0.106313728988908
80, 236, 0.107870409443767
80, 237, 0.109435824855405
80, 238, 0.111007368266379
80, 239, 0.112582178833162
80, 240, 0.11415716726395
80, 241, 0.115729042885156
80, 242, 0.117294341861619
80, 243, 0.118849456111458
80, 244, 0.120390662481544
80, 245, 0.121914151782054
80, 246, 0.123416057317159
80, 247, 0.124892482591869
80, 248, 0.126339527920947
80, 249, 0.127753315713137
80, 250, 0.129130014251264
80, 251, 0.130465859835047
80, 252, 0.131757177197399
80, 253, 0.133000398146043
80, 254, 0.134192078419439
80, 255, 0.135328912779145
80, 256, 0.136407748389203
80, 257, 0.137425596557048
80, 258, 0.138379642929645
80, 259, 0.13926725625316
80, 260, 0.140085995814778
80, 261, 0.140833617691441
80, 262, 0.141508079932743
80, 263, 0.142107546804221
80, 264, 0.142630392213369
80, 265, 0.143075202434059
80, 266, 0.143440778236211
80, 267, 0.143726136516813
80, 268, 0.143930511516039
80, 269, 0.144053355688577
80, 270, 0.144094340285754
80, 271, 0.144053355688577
80, 272, 0.143930511516038
80, 273, 0.143726136516813
80, 274, 0.143440778236211
80, 275, 0.14307520243406
80, 276, 0.142630392213369
80, 277, 0.142107546804221
80, 278, 0.141508079932743
80, 279, 0.140833617691442
80, 280, 0.140085995814778
80, 281, 0.13926725625316
80, 282, 0.138379642929645
80, 283, 0.137425596557047
80, 284, 0.136407748389202
80, 285, 0.135328912779145
80, 286, 0.134192078419439
80, 287, 0.133000398146042
80, 288, 0.131757177197399
80, 289, 0.130465859835047
80, 290, 0.129130014251264
80, 291, 0.127753315713136
80, 292, 0.126339527920948
80, 293, 0.124892482591869
80, 294, 0.12341605731716
80, 295, 0.121914151782054
80, 296, 0.120390662481544
80, 297, 0.118849456111459
80, 298, 0.117294341861619
80, 299, 0.115729042885157
80, 300, 0.11415716726395
80, 301, 0.112582178833163
80, 302, 0.111007368266378
80, 303, 0.109435824855405
80, 304, 0.107870409443766
80, 305, 0.106313728988908
80, 306, 0.104768113233851
80, 307, 0.103235593963433
80, 308, 0.101717887302585
80, 309, 0.100216379483969
80, 310, 0.0987321164696122
80, 311, 0.0972657977564709
80, 312, 0.095817774629818
80, 313, 0.0943880530524038
80, 314, 0.0929763012930162
80, 315, 0.0915818623075404
80, 316, 0.0902037707911029
80, 317, 0.0888407747240769
80, 318, 0.0874913611401866
80, 319, 0.0861537857545519
80, 320, 0.0848261060057891
80, 321, 0.0835062169918494
80, 322, 0.0821918897162351
80, 323, 0.0808808110115627
80, 324, 0.079570624472482
80, 325, 0.0782589717107756
80, 326, 0.0769435332424176
80, 327, 0.0756220683294625
80, 328, 0.0742924531282596
80, 329, 0.0729527165386397
80, 330, 0.0716010732048692
80, 331, 0.0702359531865831
80, 332, 0.0688560278944088
80, 333, 0.06746023196837
80, 334, 0.066047780864966
80, 335, 0.0646181840086998
80, 336, 0.0631712534534117
80, 337, 0.0617071080858636
80, 338, 0.0602261734866227
80, 339, 0.0587291776396381
80, 340, 0.0572171427504827
80, 341, 0.055691373492915
80, 342, 0.054153442053257
80, 343, 0.0526051703815353
80, 344, 0.0510486100871026
80, 345, 0.0494860204344907
80, 346, 0.0479198449027769
80, 347, 0.046352686769167
80, 348, 0.0447872841654284
80, 349, 0.0432264850349616
80, 350, 0.0416732223895649
80, 351, 0.0401304902292657
80, 352, 0.0386013204470062
80, 353, 0.0370887609935625
80, 354, 0.0355958555279954
80, 355, 0.0341256247263106
80, 356, 0.0326810493670824
80, 357, 0.0312650552587036
80, 358, 0.029880500019931
80, 359, 0.0285301616746531
80, 360, 0.0272167289744679
